0 1 0 0 80 81 1
1 1 0 1 81 82 2
2 1 0 2 82 83 3
3 1 0 3 83 84 4
4 1 0 4 84 85 5
5 1 0 5 85 86 6
6 1 0 6 86 87 7
7 1 0 7 87 88 8
8 1 0 8 88 89 9
9 1 0 9 89 90 10
10 1 0 10 90 91 11
11 1 0 11 91 92 12
12 1 0 12 92 93 13
13 1 0 13 93 94 14
14 1 0 14 94 95 15
15 1 0 15 95 96 16
16 1 0 16 96 97 17
17 1 0 17 97 98 18
18 1 0 18 98 99 19
19 1 0 19 99 100 20
20 1 0 20 100 101 21
21 1 0 21 101 102 22
22 1 0 22 102 103 23
23 1 0 23 103 104 24
24 1 0 24 104 105 25
25 1 0 25 105 106 26
26 1 0 26 106 107 27
27 1 0 27 107 108 28
28 1 0 28 108 109 29
29 1 0 29 109 110 30
30 1 0 30 110 111 31
31 1 0 31 111 112 32
32 1 0 32 112 113 33
33 1 0 33 113 114 34
34 1 0 34 114 115 35
35 1 0 35 115 116 36
36 1 0 36 116 117 37
37 1 0 37 117 118 38
38 1 0 38 118 119 39
39 1 0 39 119 120 40
40 1 0 40 120 121 41
41 1 0 41 121 122 42
42 1 0 42 122 123 43
43 1 0 43 123 124 44
44 1 0 44 124 125 45
45 1 0 45 125 126 46
46 1 0 46 126 127 47
47 1 0 47 127 128 48
48 1 0 48 128 129 49
49 1 0 49 129 130 50
50 1 0 50 130 131 51
51 1 0 51 131 132 52
52 1 0 52 132 133 53
53 1 0 53 133 134 54
54 1 0 54 134 135 55
55 1 0 55 135 136 56
56 1 0 56 136 137 57
57 1 0 57 137 138 58
58 1 0 58 138 139 59
59 1 0 59 139 140 60
60 1 0 60 140 141 61
61 1 0 61 141 142 62
62 1 0 62 142 143 63
63 1 0 63 143 144 64
64 1 0 64 144 145 65
65 1 0 65 145 146 66
66 1 0 66 146 147 67
67 1 0 67 147 148 68
68 1 0 68 148 149 69
69 1 0 69 149 150 70
70 1 0 70 150 151 71
71 1 0 71 151 152 72
72 1 0 72 152 153 73
73 1 0 73 153 154 74
74 1 0 74 154 155 75
75 1 0 75 155 156 76
76 1 0 76 156 157 77
77 1 0 77 157 158 78
78 1 0 78 158 159 79
79 1 0 80 160 161 81
80 1 0 81 161 162 82
81 1 0 82 162 163 83
82 1 0 83 163 164 84
83 1 0 84 164 165 85
84 1 0 85 165 166 86
85 1 0 86 166 167 87
86 1 0 87 167 168 88
87 1 0 88 168 169 89
88 1 0 89 169 170 90
89 1 0 90 170 171 91
90 1 0 91 171 172 92
91 1 0 92 172 173 93
92 1 0 93 173 174 94
93 1 0 94 174 175 95
94 1 0 95 175 176 96
95 1 0 96 176 177 97
96 1 0 97 177 178 98
97 1 0 98 178 179 99
98 1 0 99 179 180 100
99 1 0 100 180 181 101
100 1 0 101 181 182 102
101 1 0 102 182 183 103
102 1 0 103 183 184 104
103 1 0 104 184 185 105
104 1 0 105 185 186 106
105 1 0 106 186 187 107
106 1 0 107 187 188 108
107 1 0 108 188 189 109
108 1 0 109 189 190 110
109 1 0 110 190 191 111
110 1 0 111 191 192 112
111 1 0 112 192 193 113
112 1 0 113 193 194 114
113 1 0 114 194 195 115
114 1 0 115 195 196 116
115 1 0 116 196 197 117
116 1 0 117 197 198 118
117 1 0 118 198 199 119
118 1 0 119 199 200 120
119 1 0 120 200 201 121
120 1 0 121 201 202 122
121 1 0 122 202 203 123
122 1 0 123 203 204 124
123 1 0 124 204 205 125
124 1 0 125 205 206 126
125 1 0 126 206 207 127
126 1 0 127 207 208 128
127 1 0 128 208 209 129
128 1 0 129 209 210 130
129 1 0 130 210 211 131
130 1 0 131 211 212 132
131 1 0 132 212 213 133
132 1 0 133 213 214 134
133 1 0 134 214 215 135
134 1 0 135 215 216 136
135 1 0 136 216 217 137
136 1 0 137 217 218 138
137 1 0 138 218 219 139
138 1 0 139 219 220 140
139 1 0 140 220 221 141
140 1 0 141 221 222 142
141 1 0 142 222 223 143
142 1 0 143 223 224 144
143 1 0 144 224 225 145
144 1 0 145 225 226 146
145 1 0 146 226 227 147
146 1 0 147 227 228 148
147 1 0 148 228 229 149
148 1 0 149 229 230 150
149 1 0 150 230 231 151
150 1 0 151 231 232 152
151 1 0 152 232 233 153
152 1 0 153 233 234 154
153 1 0 154 234 235 155
154 1 0 155 235 236 156
155 1 0 156 236 237 157
156 1 0 157 237 238 158
157 1 0 158 238 239 159
158 1 0 160 240 241 161
159 1 0 161 241 242 162
160 1 0 162 242 243 163
161 1 0 163 243 244 164
162 1 0 164 244 245 165
163 1 0 165 245 246 166
164 1 0 166 246 247 167
165 1 0 167 247 248 168
166 1 0 168 248 249 169
167 1 0 169 249 250 170
168 1 0 170 250 251 171
169 1 0 171 251 252 172
170 1 0 172 252 253 173
171 1 0 173 253 254 174
172 1 0 174 254 255 175
173 1 0 175 255 256 176
174 1 0 176 256 257 177
175 1 0 177 257 258 178
176 1 0 178 258 259 179
177 1 0 179 259 260 180
178 1 0 180 260 261 181
179 1 0 181 261 262 182
180 1 0 182 262 263 183
181 1 0 183 263 264 184
182 1 0 184 264 265 185
183 1 0 185 265 266 186
184 1 0 186 266 267 187
185 1 0 187 267 268 188
186 1 0 188 268 269 189
187 1 0 189 269 270 190
188 1 0 190 270 271 191
189 1 0 191 271 272 192
190 1 0 192 272 273 193
191 1 0 193 273 274 194
192 1 0 194 274 275 195
193 1 0 195 275 276 196
194 1 0 196 276 277 197
195 1 0 197 277 278 198
196 1 0 198 278 279 199
197 1 0 199 279 280 200
198 1 0 200 280 281 201
199 1 0 201 281 282 202
200 1 0 202 282 283 203
201 1 0 203 283 284 204
202 1 0 204 284 285 205
203 1 0 205 285 286 206
204 1 0 206 286 287 207
205 1 0 207 287 288 208
206 1 0 208 288 289 209
207 1 0 209 289 290 210
208 1 0 210 290 291 211
209 1 0 211 291 292 212
210 1 0 212 292 293 213
211 1 0 213 293 294 214
212 1 0 214 294 295 215
213 1 0 215 295 296 216
214 1 0 216 296 297 217
215 1 0 217 297 298 218
216 1 0 218 298 299 219
217 1 0 219 299 300 220
218 1 0 220 300 301 221
219 1 0 221 301 302 222
220 1 0 222 302 303 223
221 1 0 223 303 304 224
222 1 0 224 304 305 225
223 1 0 225 305 306 226
224 1 0 226 306 307 227
225 1 0 227 307 308 228
226 1 0 228 308 309 229
227 1 0 229 309 310 230
228 1 0 230 310 311 231
229 1 0 231 311 312 232
230 1 0 232 312 313 233
231 1 0 233 313 314 234
232 1 0 234 314 315 235
233 1 0 235 315 316 236
234 1 0 236 316 317 237
235 1 0 237 317 318 238
236 1 0 238 318 319 239
237 1 0 240 320 321 241
238 1 0 241 321 322 242
239 1 0 242 322 323 243
240 1 0 243 323 324 244
241 1 0 244 324 325 245
242 1 0 245 325 326 246
243 1 0 246 326 327 247
244 1 0 247 327 328 248
245 1 0 248 328 329 249
246 1 0 249 329 330 250
247 1 0 250 330 331 251
248 1 0 251 331 332 252
249 1 0 252 332 333 253
250 1 0 253 333 334 254
251 1 0 254 334 335 255
252 1 0 255 335 336 256
253 1 0 256 336 337 257
254 1 0 257 337 338 258
255 1 0 258 338 339 259
256 1 0 259 339 340 260
257 1 0 260 340 341 261
258 1 0 261 341 342 262
259 1 0 262 342 343 263
260 1 0 263 343 344 264
261 1 0 264 344 345 265
262 1 0 265 345 346 266
263 1 0 266 346 347 267
264 1 0 267 347 348 268
265 1 0 268 348 349 269
266 1 0 269 349 350 270
267 1 0 270 350 351 271
268 1 0 271 351 352 272
269 1 0 272 352 353 273
270 1 0 273 353 354 274
271 1 0 274 354 355 275
272 1 0 275 355 356 276
273 1 0 276 356 357 277
274 1 0 277 357 358 278
275 1 0 278 358 359 279
276 1 0 279 359 360 280
277 1 0 280 360 361 281
278 1 0 281 361 362 282
279 1 0 282 362 363 283
280 1 0 283 363 364 284
281 1 0 284 364 365 285
282 1 0 285 365 366 286
283 1 0 286 366 367 287
284 1 0 287 367 368 288
285 1 0 288 368 369 289
286 1 0 289 369 370 290
287 1 0 290 370 371 291
288 1 0 291 371 372 292
289 1 0 292 372 373 293
290 1 0 293 373 374 294
291 1 0 294 374 375 295
292 1 0 295 375 376 296
293 1 0 296 376 377 297
294 1 0 297 377 378 298
295 1 0 298 378 379 299
296 1 0 299 379 380 300
297 1 0 300 380 381 301
298 1 0 301 381 382 302
299 1 0 302 382 383 303
300 1 0 303 383 384 304
301 1 0 304 384 385 305
302 1 0 305 385 386 306
303 1 0 306 386 387 307
304 1 0 307 387 388 308
305 1 0 308 388 389 309
306 1 0 309 389 390 310
307 1 0 310 390 391 311
308 1 0 311 391 392 312
309 1 0 312 392 393 313
310 1 0 313 393 394 314
311 1 0 314 394 395 315
312 1 0 315 395 396 316
313 1 0 316 396 397 317
314 1 0 317 397 398 318
315 1 0 318 398 399 319
316 1 0 320 400 401 321
317 1 0 321 401 402 322
318 1 0 322 402 403 323
319 1 0 323 403 404 324
320 1 0 324 404 405 325
321 1 0 325 405 406 326
322 1 0 326 406 407 327
323 1 0 327 407 408 328
324 1 0 328 408 409 329
325 1 0 329 409 410 330
326 1 0 330 410 411 331
327 1 0 331 411 412 332
328 1 0 332 412 413 333
329 1 0 333 413 414 334
330 1 0 334 414 415 335
331 1 0 335 415 416 336
332 1 0 336 416 417 337
333 1 0 337 417 418 338
334 1 0 338 418 419 339
335 1 0 339 419 420 340
336 1 0 340 420 421 341
337 1 0 341 421 422 342
338 1 0 342 422 423 343
339 1 0 343 423 424 344
340 1 0 344 424 425 345
341 1 0 345 425 426 346
342 1 0 346 426 427 347
343 1 0 347 427 428 348
344 1 0 348 428 429 349
345 1 0 349 429 430 350
346 1 0 350 430 431 351
347 1 0 351 431 432 352
348 1 0 352 432 433 353
349 1 0 353 433 434 354
350 1 0 354 434 435 355
351 1 0 355 435 436 356
352 1 0 356 436 437 357
353 1 0 357 437 438 358
354 1 0 358 438 439 359
355 1 0 359 439 440 360
356 1 0 360 440 441 361
357 1 0 361 441 442 362
358 1 0 362 442 443 363
359 1 0 363 443 444 364
360 1 0 364 444 445 365
361 1 0 365 445 446 366
362 1 0 366 446 447 367
363 1 0 367 447 448 368
364 1 0 368 448 449 369
365 1 0 369 449 450 370
366 1 0 370 450 451 371
367 1 0 371 451 452 372
368 1 0 372 452 453 373
369 1 0 373 453 454 374
370 1 0 374 454 455 375
371 1 0 375 455 456 376
372 1 0 376 456 457 377
373 1 0 377 457 458 378
374 1 0 378 458 459 379
375 1 0 379 459 460 380
376 1 0 380 460 461 381
377 1 0 381 461 462 382
378 1 0 382 462 463 383
379 1 0 383 463 464 384
380 1 0 384 464 465 385
381 1 0 385 465 466 386
382 1 0 386 466 467 387
383 1 0 387 467 468 388
384 1 0 388 468 469 389
385 1 0 389 469 470 390
386 1 0 390 470 471 391
387 1 0 391 471 472 392
388 1 0 392 472 473 393
389 1 0 393 473 474 394
390 1 0 394 474 475 395
391 1 0 395 475 476 396
392 1 0 396 476 477 397
393 1 0 397 477 478 398
394 1 0 398 478 479 399
395 1 0 400 480 481 401
396 1 0 401 481 482 402
397 1 0 402 482 483 403
398 1 0 403 483 484 404
399 1 0 404 484 485 405
400 1 0 405 485 486 406
401 1 0 406 486 487 407
402 1 0 407 487 488 408
403 1 0 408 488 489 409
404 1 0 409 489 490 410
405 1 0 410 490 491 411
406 1 0 411 491 492 412
407 1 0 412 492 493 413
408 1 0 413 493 494 414
409 1 0 414 494 495 415
410 1 0 415 495 496 416
411 1 0 416 496 497 417
412 1 0 417 497 498 418
413 1 0 418 498 499 419
414 1 0 419 499 500 420
415 1 0 420 500 501 421
416 1 0 421 501 502 422
417 1 0 422 502 503 423
418 1 0 423 503 504 424
419 1 0 424 504 505 425
420 1 0 425 505 506 426
421 1 0 426 506 507 427
422 1 0 427 507 508 428
423 1 0 428 508 509 429
424 1 0 429 509 510 430
425 1 0 430 510 511 431
426 1 0 431 511 512 432
427 1 0 432 512 513 433
428 1 0 433 513 514 434
429 1 0 434 514 515 435
430 1 0 435 515 516 436
431 1 0 436 516 517 437
432 1 0 437 517 518 438
433 1 0 438 518 519 439
434 1 0 439 519 520 440
435 1 0 440 520 521 441
436 1 0 441 521 522 442
437 1 0 442 522 523 443
438 1 0 443 523 524 444
439 1 0 444 524 525 445
440 1 0 445 525 526 446
441 1 0 446 526 527 447
442 1 0 447 527 528 448
443 1 0 448 528 529 449
444 1 0 449 529 530 450
445 1 0 450 530 531 451
446 1 0 451 531 532 452
447 1 0 452 532 533 453
448 1 0 453 533 534 454
449 1 0 454 534 535 455
450 1 0 455 535 536 456
451 1 0 456 536 537 457
452 1 0 457 537 538 458
453 1 0 458 538 539 459
454 1 0 459 539 540 460
455 1 0 460 540 541 461
456 1 0 461 541 542 462
457 1 0 462 542 543 463
458 1 0 463 543 544 464
459 1 0 464 544 545 465
460 1 0 465 545 546 466
461 1 0 466 546 547 467
462 1 0 467 547 548 468
463 1 0 468 548 549 469
464 1 0 469 549 550 470
465 1 0 470 550 551 471
466 1 0 471 551 552 472
467 1 0 472 552 553 473
468 1 0 473 553 554 474
469 1 0 474 554 555 475
470 1 0 475 555 556 476
471 1 0 476 556 557 477
472 1 0 477 557 558 478
473 1 0 478 558 559 479
474 1 0 480 560 561 481
475 1 0 481 561 562 482
476 1 0 482 562 563 483
477 1 0 483 563 564 484
478 1 0 484 564 565 485
479 1 0 485 565 566 486
480 1 0 486 566 567 487
481 1 0 487 567 568 488
482 1 0 488 568 569 489
483 1 0 489 569 570 490
484 1 0 490 570 571 491
485 1 0 491 571 572 492
486 1 0 492 572 573 493
487 1 0 493 573 574 494
488 1 0 494 574 575 495
489 1 0 495 575 576 496
490 1 0 496 576 577 497
491 1 0 497 577 578 498
492 1 0 498 578 579 499
493 1 0 499 579 580 500
494 1 0 500 580 581 501
495 1 0 501 581 582 502
496 1 0 502 582 583 503
497 1 0 503 583 584 504
498 1 0 504 584 585 505
499 1 0 505 585 586 506
500 1 0 506 586 587 507
501 1 0 507 587 588 508
502 1 0 508 588 589 509
503 1 0 509 589 590 510
504 1 0 510 590 591 511
505 1 0 511 591 592 512
506 1 0 512 592 593 513
507 1 0 513 593 594 514
508 1 0 514 594 595 515
509 1 0 515 595 596 516
510 1 0 516 596 597 517
511 1 0 517 597 598 518
512 1 0 518 598 599 519
513 1 0 519 599 600 520
514 1 0 520 600 601 521
515 1 0 521 601 602 522
516 1 0 522 602 603 523
517 1 0 523 603 604 524
518 1 0 524 604 605 525
519 1 0 525 605 606 526
520 1 0 526 606 607 527
521 1 0 527 607 608 528
522 1 0 528 608 609 529
523 1 0 529 609 610 530
524 1 0 530 610 611 531
525 1 0 531 611 612 532
526 1 0 532 612 613 533
527 1 0 533 613 614 534
528 1 0 534 614 615 535
529 1 0 535 615 616 536
530 1 0 536 616 617 537
531 1 0 537 617 618 538
532 1 0 538 618 619 539
533 1 0 539 619 620 540
534 1 0 540 620 621 541
535 1 0 541 621 622 542
536 1 0 542 622 623 543
537 1 0 543 623 624 544
538 1 0 544 624 625 545
539 1 0 545 625 626 546
540 1 0 546 626 627 547
541 1 0 547 627 628 548
542 1 0 548 628 629 549
543 1 0 549 629 630 550
544 1 0 550 630 631 551
545 1 0 551 631 632 552
546 1 0 552 632 633 553
547 1 0 553 633 634 554
548 1 0 554 634 635 555
549 1 0 555 635 636 556
550 1 0 556 636 637 557
551 1 0 557 637 638 558
552 1 0 558 638 639 559
553 1 0 560 640 641 561
554 1 0 561 641 642 562
555 1 0 562 642 643 563
556 1 0 563 643 644 564
557 1 0 564 644 645 565
558 1 0 565 645 646 566
559 1 0 566 646 647 567
560 1 0 567 647 648 568
561 1 0 568 648 649 569
562 1 0 569 649 650 570
563 1 0 570 650 651 571
564 1 0 571 651 652 572
565 1 0 572 652 653 573
566 1 0 573 653 654 574
567 1 0 574 654 655 575
568 1 0 575 655 656 576
569 1 0 576 656 657 577
570 1 0 577 657 658 578
571 1 0 578 658 659 579
572 1 0 579 659 660 580
573 1 0 580 660 661 581
574 1 0 581 661 662 582
575 1 0 582 662 663 583
576 1 0 583 663 664 584
577 1 0 584 664 665 585
578 1 0 585 665 666 586
579 1 0 586 666 667 587
580 1 0 587 667 668 588
581 1 0 588 668 669 589
582 1 0 589 669 670 590
583 1 0 590 670 671 591
584 1 0 591 671 672 592
585 1 0 592 672 673 593
586 1 0 593 673 674 594
587 1 0 594 674 675 595
588 1 0 595 675 676 596
589 1 0 596 676 677 597
590 1 0 597 677 678 598
591 1 0 598 678 679 599
592 1 0 599 679 680 600
593 1 0 600 680 681 601
594 1 0 601 681 682 602
595 1 0 602 682 683 603
596 1 0 603 683 684 604
597 1 0 604 684 685 605
598 1 0 605 685 686 606
599 1 0 606 686 687 607
600 1 0 607 687 688 608
601 1 0 608 688 689 609
602 1 0 609 689 690 610
603 1 0 610 690 691 611
604 1 0 611 691 692 612
605 1 0 612 692 693 613
606 1 0 613 693 694 614
607 1 0 614 694 695 615
608 1 0 615 695 696 616
609 1 0 616 696 697 617
610 1 0 617 697 698 618
611 1 0 618 698 699 619
612 1 0 619 699 700 620
613 1 0 620 700 701 621
614 1 0 621 701 702 622
615 1 0 622 702 703 623
616 1 0 623 703 704 624
617 1 0 624 704 705 625
618 1 0 625 705 706 626
619 1 0 626 706 707 627
620 1 0 627 707 708 628
621 1 0 628 708 709 629
622 1 0 629 709 710 630
623 1 0 630 710 711 631
624 1 0 631 711 712 632
625 1 0 632 712 713 633
626 1 0 633 713 714 634
627 1 0 634 714 715 635
628 1 0 635 715 716 636
629 1 0 636 716 717 637
630 1 0 637 717 718 638
631 1 0 638 718 719 639
632 1 0 640 720 721 641
633 1 0 641 721 722 642
634 1 0 642 722 723 643
635 1 0 643 723 724 644
636 1 0 644 724 725 645
637 1 0 645 725 726 646
638 1 0 646 726 727 647
639 1 0 647 727 728 648
640 1 0 648 728 729 649
641 1 0 649 729 730 650
642 1 0 650 730 731 651
643 1 0 651 731 732 652
644 1 0 652 732 733 653
645 1 0 653 733 734 654
646 1 0 654 734 735 655
647 1 0 655 735 736 656
648 1 0 656 736 737 657
649 1 0 657 737 738 658
650 1 0 658 738 739 659
651 1 0 659 739 740 660
652 1 0 660 740 741 661
653 1 0 661 741 742 662
654 1 0 662 742 743 663
655 1 0 663 743 744 664
656 1 0 664 744 745 665
657 1 0 665 745 746 666
658 1 0 666 746 747 667
659 1 0 667 747 748 668
660 1 0 668 748 749 669
661 1 0 669 749 750 670
662 1 0 670 750 751 671
663 1 0 671 751 752 672
664 1 0 672 752 753 673
665 1 0 673 753 754 674
666 1 0 674 754 755 675
667 1 0 675 755 756 676
668 1 0 676 756 757 677
669 1 0 677 757 758 678
670 1 0 678 758 759 679
671 1 0 679 759 760 680
672 1 0 680 760 761 681
673 1 0 681 761 762 682
674 1 0 682 762 763 683
675 1 0 683 763 764 684
676 1 0 684 764 765 685
677 1 0 685 765 766 686
678 1 0 686 766 767 687
679 1 0 687 767 768 688
680 1 0 688 768 769 689
681 1 0 689 769 770 690
682 1 0 690 770 771 691
683 1 0 691 771 772 692
684 1 0 692 772 773 693
685 1 0 693 773 774 694
686 1 0 694 774 775 695
687 1 0 695 775 776 696
688 1 0 696 776 777 697
689 1 0 697 777 778 698
690 1 0 698 778 779 699
691 1 0 699 779 780 700
692 1 0 700 780 781 701
693 1 0 701 781 782 702
694 1 0 702 782 783 703
695 1 0 703 783 784 704
696 1 0 704 784 785 705
697 1 0 705 785 786 706
698 1 0 706 786 787 707
699 1 0 707 787 788 708
700 1 0 708 788 789 709
701 1 0 709 789 790 710
702 1 0 710 790 791 711
703 1 0 711 791 792 712
704 1 0 712 792 793 713
705 1 0 713 793 794 714
706 1 0 714 794 795 715
707 1 0 715 795 796 716
708 1 0 716 796 797 717
709 1 0 717 797 798 718
710 1 0 718 798 799 719
711 1 0 720 800 801 721
712 1 0 721 801 802 722
713 1 0 722 802 803 723
714 1 0 723 803 804 724
715 1 0 724 804 805 725
716 1 0 725 805 806 726
717 1 0 726 806 807 727
718 1 0 727 807 808 728
719 1 0 728 808 809 729
720 1 0 729 809 810 730
721 1 0 730 810 811 731
722 1 0 731 811 812 732
723 1 0 732 812 813 733
724 1 0 733 813 814 734
725 1 0 734 814 815 735
726 1 0 735 815 816 736
727 1 0 736 816 817 737
728 1 0 737 817 818 738
729 1 0 738 818 819 739
730 1 0 739 819 820 740
731 1 0 740 820 821 741
732 1 0 741 821 822 742
733 1 0 742 822 823 743
734 1 0 743 823 824 744
735 1 0 744 824 825 745
736 1 0 745 825 826 746
737 1 0 746 826 827 747
738 1 0 747 827 828 748
739 1 0 748 828 829 749
740 1 0 749 829 830 750
741 1 0 750 830 831 751
742 1 0 751 831 832 752
743 1 0 752 832 833 753
744 1 0 753 833 834 754
745 1 0 754 834 835 755
746 1 0 755 835 836 756
747 1 0 756 836 837 757
748 1 0 757 837 838 758
749 1 0 758 838 839 759
750 1 0 759 839 840 760
751 1 0 760 840 841 761
752 1 0 761 841 842 762
753 1 0 762 842 843 763
754 1 0 763 843 844 764
755 1 0 764 844 845 765
756 1 0 765 845 846 766
757 1 0 766 846 847 767
758 1 0 767 847 848 768
759 1 0 768 848 849 769
760 1 0 769 849 850 770
761 1 0 770 850 851 771
762 1 0 771 851 852 772
763 1 0 772 852 853 773
764 1 0 773 853 854 774
765 1 0 774 854 855 775
766 1 0 775 855 856 776
767 1 0 776 856 857 777
768 1 0 777 857 858 778
769 1 0 778 858 859 779
770 1 0 779 859 860 780
771 1 0 780 860 861 781
772 1 0 781 861 862 782
773 1 0 782 862 863 783
774 1 0 783 863 864 784
775 1 0 784 864 865 785
776 1 0 785 865 866 786
777 1 0 786 866 867 787
778 1 0 787 867 868 788
779 1 0 788 868 869 789
780 1 0 789 869 870 790
781 1 0 790 870 871 791
782 1 0 791 871 872 792
783 1 0 792 872 873 793
784 1 0 793 873 874 794
785 1 0 794 874 875 795
786 1 0 795 875 876 796
787 1 0 796 876 877 797
788 1 0 797 877 878 798
789 1 0 798 878 879 799
790 1 0 800 880 881 801
791 1 0 801 881 882 802
792 1 0 802 882 883 803
793 1 0 803 883 884 804
794 1 0 804 884 885 805
795 1 0 805 885 886 806
796 1 0 806 886 887 807
797 1 0 807 887 888 808
798 1 0 808 888 889 809
799 1 0 809 889 890 810
800 1 0 810 890 891 811
801 1 0 811 891 892 812
802 1 0 812 892 893 813
803 1 0 813 893 894 814
804 1 0 814 894 895 815
805 1 0 815 895 896 816
806 1 0 816 896 897 817
807 1 0 817 897 898 818
808 1 0 818 898 899 819
809 1 0 819 899 900 820
810 1 0 820 900 901 821
811 1 0 821 901 902 822
812 1 0 822 902 903 823
813 1 0 823 903 904 824
814 1 0 824 904 905 825
815 1 0 825 905 906 826
816 1 0 826 906 907 827
817 1 0 827 907 908 828
818 1 0 828 908 909 829
819 1 0 829 909 910 830
820 1 0 830 910 911 831
821 1 0 831 911 912 832
822 1 0 832 912 913 833
823 1 0 833 913 914 834
824 1 0 834 914 915 835
825 1 0 835 915 916 836
826 1 0 836 916 917 837
827 1 0 837 917 918 838
828 1 0 838 918 919 839
829 1 0 839 919 920 840
830 1 0 840 920 921 841
831 1 0 841 921 922 842
832 1 0 842 922 923 843
833 1 0 843 923 924 844
834 1 0 844 924 925 845
835 1 0 845 925 926 846
836 1 0 846 926 927 847
837 1 0 847 927 928 848
838 1 0 848 928 929 849
839 1 0 849 929 930 850
840 1 0 850 930 931 851
841 1 0 851 931 932 852
842 1 0 852 932 933 853
843 1 0 853 933 934 854
844 1 0 854 934 935 855
845 1 0 855 935 936 856
846 1 0 856 936 937 857
847 1 0 857 937 938 858
848 1 0 858 938 939 859
849 1 0 859 939 940 860
850 1 0 860 940 941 861
851 1 0 861 941 942 862
852 1 0 862 942 943 863
853 1 0 863 943 944 864
854 1 0 864 944 945 865
855 1 0 865 945 946 866
856 1 0 866 946 947 867
857 1 0 867 947 948 868
858 1 0 868 948 949 869
859 1 0 869 949 950 870
860 1 0 870 950 951 871
861 1 0 871 951 952 872
862 1 0 872 952 953 873
863 1 0 873 953 954 874
864 1 0 874 954 955 875
865 1 0 875 955 956 876
866 1 0 876 956 957 877
867 1 0 877 957 958 878
868 1 0 878 958 959 879
869 1 0 880 960 961 881
870 1 0 881 961 962 882
871 1 0 882 962 963 883
872 1 0 883 963 964 884
873 1 0 884 964 965 885
874 1 0 885 965 966 886
875 1 0 886 966 967 887
876 1 0 887 967 968 888
877 1 0 888 968 969 889
878 1 0 889 969 970 890
879 1 0 890 970 971 891
880 1 0 891 971 972 892
881 1 0 892 972 973 893
882 1 0 893 973 974 894
883 1 0 894 974 975 895
884 1 0 895 975 976 896
885 1 0 896 976 977 897
886 1 0 897 977 978 898
887 1 0 898 978 979 899
888 1 0 899 979 980 900
889 1 0 900 980 981 901
890 1 0 901 981 982 902
891 1 0 902 982 983 903
892 1 0 903 983 984 904
893 1 0 904 984 985 905
894 1 0 905 985 986 906
895 1 0 906 986 987 907
896 1 0 907 987 988 908
897 1 0 908 988 989 909
898 1 0 909 989 990 910
899 1 0 910 990 991 911
900 1 0 911 991 992 912
901 1 0 912 992 993 913
902 1 0 913 993 994 914
903 1 0 914 994 995 915
904 1 0 915 995 996 916
905 1 0 916 996 997 917
906 1 0 917 997 998 918
907 1 0 918 998 999 919
908 1 0 919 999 1000 920
909 1 0 920 1000 1001 921
910 1 0 921 1001 1002 922
911 1 0 922 1002 1003 923
912 1 0 923 1003 1004 924
913 1 0 924 1004 1005 925
914 1 0 925 1005 1006 926
915 1 0 926 1006 1007 927
916 1 0 927 1007 1008 928
917 1 0 928 1008 1009 929
918 1 0 929 1009 1010 930
919 1 0 930 1010 1011 931
920 1 0 931 1011 1012 932
921 1 0 932 1012 1013 933
922 1 0 933 1013 1014 934
923 1 0 934 1014 1015 935
924 1 0 935 1015 1016 936
925 1 0 936 1016 1017 937
926 1 0 937 1017 1018 938
927 1 0 938 1018 1019 939
928 1 0 939 1019 1020 940
929 1 0 940 1020 1021 941
930 1 0 941 1021 1022 942
931 1 0 942 1022 1023 943
932 1 0 943 1023 1024 944
933 1 0 944 1024 1025 945
934 1 0 945 1025 1026 946
935 1 0 946 1026 1027 947
936 1 0 947 1027 1028 948
937 1 0 948 1028 1029 949
938 1 0 949 1029 1030 950
939 1 0 950 1030 1031 951
940 1 0 951 1031 1032 952
941 1 0 952 1032 1033 953
942 1 0 953 1033 1034 954
943 1 0 954 1034 1035 955
944 1 0 955 1035 1036 956
945 1 0 956 1036 1037 957
946 1 0 957 1037 1038 958
947 1 0 958 1038 1039 959
948 1 0 960 1040 1041 961
949 1 0 961 1041 1042 962
950 1 0 962 1042 1043 963
951 1 0 963 1043 1044 964
952 1 0 964 1044 1045 965
953 1 0 965 1045 1046 966
954 1 0 966 1046 1047 967
955 1 0 967 1047 1048 968
956 1 0 968 1048 1049 969
957 1 0 969 1049 1050 970
958 1 0 970 1050 1051 971
959 1 0 971 1051 1052 972
960 1 0 972 1052 1053 973
961 1 0 973 1053 1054 974
962 1 0 974 1054 1055 975
963 1 0 975 1055 1056 976
964 1 0 976 1056 1057 977
965 1 0 977 1057 1058 978
966 1 0 978 1058 1059 979
967 1 0 979 1059 1060 980
968 1 0 980 1060 1061 981
969 1 0 981 1061 1062 982
970 1 0 982 1062 1063 983
971 1 0 983 1063 1064 984
972 1 0 984 1064 1065 985
973 1 0 985 1065 1066 986
974 1 0 986 1066 1067 987
975 1 0 987 1067 1068 988
976 1 0 988 1068 1069 989
977 1 0 989 1069 1070 990
978 1 0 990 1070 1071 991
979 1 0 991 1071 1072 992
980 1 0 992 1072 1073 993
981 1 0 993 1073 1074 994
982 1 0 994 1074 1075 995
983 1 0 995 1075 1076 996
984 1 0 996 1076 1077 997
985 1 0 997 1077 1078 998
986 1 0 998 1078 1079 999
987 1 0 999 1079 1080 1000
988 1 0 1000 1080 1081 1001
989 1 0 1001 1081 1082 1002
990 1 0 1002 1082 1083 1003
991 1 0 1003 1083 1084 1004
992 1 0 1004 1084 1085 1005
993 1 0 1005 1085 1086 1006
994 1 0 1006 1086 1087 1007
995 1 0 1007 1087 1088 1008
996 1 0 1008 1088 1089 1009
997 1 0 1009 1089 1090 1010
998 1 0 1010 1090 1091 1011
999 1 0 1011 1091 1092 1012
1000 1 0 1012 1092 1093 1013
1001 1 0 1013 1093 1094 1014
1002 1 0 1014 1094 1095 1015
1003 1 0 1015 1095 1096 1016
1004 1 0 1016 1096 1097 1017
1005 1 0 1017 1097 1098 1018
1006 1 0 1018 1098 1099 1019
1007 1 0 1019 1099 1100 1020
1008 1 0 1020 1100 1101 1021
1009 1 0 1021 1101 1102 1022
1010 1 0 1022 1102 1103 1023
1011 1 0 1023 1103 1104 1024
1012 1 0 1024 1104 1105 1025
1013 1 0 1025 1105 1106 1026
1014 1 0 1026 1106 1107 1027
1015 1 0 1027 1107 1108 1028
1016 1 0 1028 1108 1109 1029
1017 1 0 1029 1109 1110 1030
1018 1 0 1030 1110 1111 1031
1019 1 0 1031 1111 1112 1032
1020 1 0 1032 1112 1113 1033
1021 1 0 1033 1113 1114 1034
1022 1 0 1034 1114 1115 1035
1023 1 0 1035 1115 1116 1036
1024 1 0 1036 1116 1117 1037
1025 1 0 1037 1117 1118 1038
1026 1 0 1038 1118 1119 1039
1027 1 0 1040 1120 1121 1041
1028 1 0 1041 1121 1122 1042
1029 1 0 1042 1122 1123 1043
1030 1 0 1043 1123 1124 1044
1031 1 0 1044 1124 1125 1045
1032 1 0 1045 1125 1126 1046
1033 1 0 1046 1126 1127 1047
1034 1 0 1047 1127 1128 1048
1035 1 0 1048 1128 1129 1049
1036 1 0 1049 1129 1130 1050
1037 1 0 1050 1130 1131 1051
1038 1 0 1051 1131 1132 1052
1039 1 0 1052 1132 1133 1053
1040 1 0 1053 1133 1134 1054
1041 1 0 1054 1134 1135 1055
1042 1 0 1055 1135 1136 1056
1043 1 0 1056 1136 1137 1057
1044 1 0 1057 1137 1138 1058
1045 1 0 1058 1138 1139 1059
1046 1 0 1059 1139 1140 1060
1047 1 0 1060 1140 1141 1061
1048 1 0 1061 1141 1142 1062
1049 1 0 1062 1142 1143 1063
1050 1 0 1063 1143 1144 1064
1051 1 0 1064 1144 1145 1065
1052 1 0 1065 1145 1146 1066
1053 1 0 1066 1146 1147 1067
1054 1 0 1067 1147 1148 1068
1055 1 0 1068 1148 1149 1069
1056 1 0 1069 1149 1150 1070
1057 1 0 1070 1150 1151 1071
1058 1 0 1071 1151 1152 1072
1059 1 0 1072 1152 1153 1073
1060 1 0 1073 1153 1154 1074
1061 1 0 1074 1154 1155 1075
1062 1 0 1075 1155 1156 1076
1063 1 0 1076 1156 1157 1077
1064 1 0 1077 1157 1158 1078
1065 1 0 1078 1158 1159 1079
1066 1 0 1079 1159 1160 1080
1067 1 0 1080 1160 1161 1081
1068 1 0 1081 1161 1162 1082
1069 1 0 1082 1162 1163 1083
1070 1 0 1083 1163 1164 1084
1071 1 0 1084 1164 1165 1085
1072 1 0 1085 1165 1166 1086
1073 1 0 1086 1166 1167 1087
1074 1 0 1087 1167 1168 1088
1075 1 0 1088 1168 1169 1089
1076 1 0 1089 1169 1170 1090
1077 1 0 1090 1170 1171 1091
1078 1 0 1091 1171 1172 1092
1079 1 0 1092 1172 1173 1093
1080 1 0 1093 1173 1174 1094
1081 1 0 1094 1174 1175 1095
1082 1 0 1095 1175 1176 1096
1083 1 0 1096 1176 1177 1097
1084 1 0 1097 1177 1178 1098
1085 1 0 1098 1178 1179 1099
1086 1 0 1099 1179 1180 1100
1087 1 0 1100 1180 1181 1101
1088 1 0 1101 1181 1182 1102
1089 1 0 1102 1182 1183 1103
1090 1 0 1103 1183 1184 1104
1091 1 0 1104 1184 1185 1105
1092 1 0 1105 1185 1186 1106
1093 1 0 1106 1186 1187 1107
1094 1 0 1107 1187 1188 1108
1095 1 0 1108 1188 1189 1109
1096 1 0 1109 1189 1190 1110
1097 1 0 1110 1190 1191 1111
1098 1 0 1111 1191 1192 1112
1099 1 0 1112 1192 1193 1113
1100 1 0 1113 1193 1194 1114
1101 1 0 1114 1194 1195 1115
1102 1 0 1115 1195 1196 1116
1103 1 0 1116 1196 1197 1117
1104 1 0 1117 1197 1198 1118
1105 1 0 1118 1198 1199 1119
1106 1 0 1120 1200 1201 1121
1107 1 0 1121 1201 1202 1122
1108 1 0 1122 1202 1203 1123
1109 1 0 1123 1203 1204 1124
1110 1 0 1124 1204 1205 1125
1111 1 0 1125 1205 1206 1126
1112 1 0 1126 1206 1207 1127
1113 1 0 1127 1207 1208 1128
1114 1 0 1128 1208 1209 1129
1115 1 0 1129 1209 1210 1130
1116 1 0 1130 1210 1211 1131
1117 1 0 1131 1211 1212 1132
1118 1 0 1132 1212 1213 1133
1119 1 0 1133 1213 1214 1134
1120 1 0 1134 1214 1215 1135
1121 1 0 1135 1215 1216 1136
1122 1 0 1136 1216 1217 1137
1123 1 0 1137 1217 1218 1138
1124 1 0 1138 1218 1219 1139
1125 1 0 1139 1219 1220 1140
1126 1 0 1140 1220 1221 1141
1127 1 0 1141 1221 1222 1142
1128 1 0 1142 1222 1223 1143
1129 1 0 1143 1223 1224 1144
1130 1 0 1144 1224 1225 1145
1131 1 0 1145 1225 1226 1146
1132 1 0 1146 1226 1227 1147
1133 1 0 1147 1227 1228 1148
1134 1 0 1148 1228 1229 1149
1135 1 0 1149 1229 1230 1150
1136 1 0 1150 1230 1231 1151
1137 1 0 1151 1231 1232 1152
1138 1 0 1152 1232 1233 1153
1139 1 0 1153 1233 1234 1154
1140 1 0 1154 1234 1235 1155
1141 1 0 1155 1235 1236 1156
1142 1 0 1156 1236 1237 1157
1143 1 0 1157 1237 1238 1158
1144 1 0 1158 1238 1239 1159
1145 1 0 1159 1239 1240 1160
1146 1 0 1160 1240 1241 1161
1147 1 0 1161 1241 1242 1162
1148 1 0 1162 1242 1243 1163
1149 1 0 1163 1243 1244 1164
1150 1 0 1164 1244 1245 1165
1151 1 0 1165 1245 1246 1166
1152 1 0 1166 1246 1247 1167
1153 1 0 1167 1247 1248 1168
1154 1 0 1168 1248 1249 1169
1155 1 0 1169 1249 1250 1170
1156 1 0 1170 1250 1251 1171
1157 1 0 1171 1251 1252 1172
1158 1 0 1172 1252 1253 1173
1159 1 0 1173 1253 1254 1174
1160 1 0 1174 1254 1255 1175
1161 1 0 1175 1255 1256 1176
1162 1 0 1176 1256 1257 1177
1163 1 0 1177 1257 1258 1178
1164 1 0 1178 1258 1259 1179
1165 1 0 1179 1259 1260 1180
1166 1 0 1180 1260 1261 1181
1167 1 0 1181 1261 1262 1182
1168 1 0 1182 1262 1263 1183
1169 1 0 1183 1263 1264 1184
1170 1 0 1184 1264 1265 1185
1171 1 0 1185 1265 1266 1186
1172 1 0 1186 1266 1267 1187
1173 1 0 1187 1267 1268 1188
1174 1 0 1188 1268 1269 1189
1175 1 0 1189 1269 1270 1190
1176 1 0 1190 1270 1271 1191
1177 1 0 1191 1271 1272 1192
1178 1 0 1192 1272 1273 1193
1179 1 0 1193 1273 1274 1194
1180 1 0 1194 1274 1275 1195
1181 1 0 1195 1275 1276 1196
1182 1 0 1196 1276 1277 1197
1183 1 0 1197 1277 1278 1198
1184 1 0 1198 1278 1279 1199
1185 1 0 1200 1280 1281 1201
1186 1 0 1201 1281 1282 1202
1187 1 0 1202 1282 1283 1203
1188 1 0 1203 1283 1284 1204
1189 1 0 1204 1284 1285 1205
1190 1 0 1205 1285 1286 1206
1191 1 0 1206 1286 1287 1207
1192 1 0 1207 1287 1288 1208
1193 1 0 1208 1288 1289 1209
1194 1 0 1209 1289 1290 1210
1195 1 0 1210 1290 1291 1211
1196 1 0 1211 1291 1292 1212
1197 1 0 1212 1292 1293 1213
1198 1 0 1213 1293 1294 1214
1199 1 0 1214 1294 1295 1215
1200 1 0 1215 1295 1296 1216
1201 1 0 1216 1296 1297 1217
1202 1 0 1217 1297 1298 1218
1203 1 0 1218 1298 1299 1219
1204 1 0 1219 1299 1300 1220
1205 1 0 1220 1300 1301 1221
1206 1 0 1221 1301 1302 1222
1207 1 0 1222 1302 1303 1223
1208 1 0 1223 1303 1304 1224
1209 1 0 1224 1304 1305 1225
1210 1 0 1225 1305 1306 1226
1211 1 0 1226 1306 1307 1227
1212 1 0 1227 1307 1308 1228
1213 1 0 1228 1308 1309 1229
1214 1 0 1229 1309 1310 1230
1215 1 0 1230 1310 1311 1231
1216 1 0 1231 1311 1312 1232
1217 1 0 1232 1312 1313 1233
1218 1 0 1233 1313 1314 1234
1219 1 0 1234 1314 1315 1235
1220 1 0 1235 1315 1316 1236
1221 1 0 1236 1316 1317 1237
1222 1 0 1237 1317 1318 1238
1223 1 0 1238 1318 1319 1239
1224 1 0 1239 1319 1320 1240
1225 1 0 1240 1320 1321 1241
1226 1 0 1241 1321 1322 1242
1227 1 0 1242 1322 1323 1243
1228 1 0 1243 1323 1324 1244
1229 1 0 1244 1324 1325 1245
1230 1 0 1245 1325 1326 1246
1231 1 0 1246 1326 1327 1247
1232 1 0 1247 1327 1328 1248
1233 1 0 1248 1328 1329 1249
1234 1 0 1249 1329 1330 1250
1235 1 0 1250 1330 1331 1251
1236 1 0 1251 1331 1332 1252
1237 1 0 1252 1332 1333 1253
1238 1 0 1253 1333 1334 1254
1239 1 0 1254 1334 1335 1255
1240 1 0 1255 1335 1336 1256
1241 1 0 1256 1336 1337 1257
1242 1 0 1257 1337 1338 1258
1243 1 0 1258 1338 1339 1259
1244 1 0 1259 1339 1340 1260
1245 1 0 1260 1340 1341 1261
1246 1 0 1261 1341 1342 1262
1247 1 0 1262 1342 1343 1263
1248 1 0 1263 1343 1344 1264
1249 1 0 1264 1344 1345 1265
1250 1 0 1265 1345 1346 1266
1251 1 0 1266 1346 1347 1267
1252 1 0 1267 1347 1348 1268
1253 1 0 1268 1348 1349 1269
1254 1 0 1269 1349 1350 1270
1255 1 0 1270 1350 1351 1271
1256 1 0 1271 1351 1352 1272
1257 1 0 1272 1352 1353 1273
1258 1 0 1273 1353 1354 1274
1259 1 0 1274 1354 1355 1275
1260 1 0 1275 1355 1356 1276
1261 1 0 1276 1356 1357 1277
1262 1 0 1277 1357 1358 1278
1263 1 0 1278 1358 1359 1279
1264 1 0 1280 1360 1361 1281
1265 1 0 1281 1361 1362 1282
1266 1 0 1282 1362 1363 1283
1267 1 0 1283 1363 1364 1284
1268 1 0 1284 1364 1365 1285
1269 1 0 1285 1365 1366 1286
1270 1 0 1286 1366 1367 1287
1271 1 0 1287 1367 1368 1288
1272 1 0 1288 1368 1369 1289
1273 1 0 1289 1369 1370 1290
1274 1 0 1290 1370 1371 1291
1275 1 0 1291 1371 1372 1292
1276 1 0 1292 1372 1373 1293
1277 1 0 1293 1373 1374 1294
1278 1 0 1294 1374 1375 1295
1279 1 0 1295 1375 1376 1296
1280 1 0 1296 1376 1377 1297
1281 1 0 1297 1377 1378 1298
1282 1 0 1298 1378 1379 1299
1283 1 0 1299 1379 1380 1300
1284 1 0 1300 1380 1381 1301
1285 1 0 1301 1381 1382 1302
1286 1 0 1302 1382 1383 1303
1287 1 0 1303 1383 1384 1304
1288 1 0 1304 1384 1385 1305
1289 1 0 1305 1385 1386 1306
1290 1 0 1306 1386 1387 1307
1291 1 0 1307 1387 1388 1308
1292 1 0 1308 1388 1389 1309
1293 1 0 1309 1389 1390 1310
1294 1 0 1310 1390 1391 1311
1295 1 0 1311 1391 1392 1312
1296 1 0 1312 1392 1393 1313
1297 1 0 1313 1393 1394 1314
1298 1 0 1314 1394 1395 1315
1299 1 0 1315 1395 1396 1316
1300 1 0 1316 1396 1397 1317
1301 1 0 1317 1397 1398 1318
1302 1 0 1318 1398 1399 1319
1303 1 0 1319 1399 1400 1320
1304 1 0 1320 1400 1401 1321
1305 1 0 1321 1401 1402 1322
1306 1 0 1322 1402 1403 1323
1307 1 0 1323 1403 1404 1324
1308 1 0 1324 1404 1405 1325
1309 1 0 1325 1405 1406 1326
1310 1 0 1326 1406 1407 1327
1311 1 0 1327 1407 1408 1328
1312 1 0 1328 1408 1409 1329
1313 1 0 1329 1409 1410 1330
1314 1 0 1330 1410 1411 1331
1315 1 0 1331 1411 1412 1332
1316 1 0 1332 1412 1413 1333
1317 1 0 1333 1413 1414 1334
1318 1 0 1334 1414 1415 1335
1319 1 0 1335 1415 1416 1336
1320 1 0 1336 1416 1417 1337
1321 1 0 1337 1417 1418 1338
1322 1 0 1338 1418 1419 1339
1323 1 0 1339 1419 1420 1340
1324 1 0 1340 1420 1421 1341
1325 1 0 1341 1421 1422 1342
1326 1 0 1342 1422 1423 1343
1327 1 0 1343 1423 1424 1344
1328 1 0 1344 1424 1425 1345
1329 1 0 1345 1425 1426 1346
1330 1 0 1346 1426 1427 1347
1331 1 0 1347 1427 1428 1348
1332 1 0 1348 1428 1429 1349
1333 1 0 1349 1429 1430 1350
1334 1 0 1350 1430 1431 1351
1335 1 0 1351 1431 1432 1352
1336 1 0 1352 1432 1433 1353
1337 1 0 1353 1433 1434 1354
1338 1 0 1354 1434 1435 1355
1339 1 0 1355 1435 1436 1356
1340 1 0 1356 1436 1437 1357
1341 1 0 1357 1437 1438 1358
1342 1 0 1358 1438 1439 1359
1343 1 0 1360 1440 1441 1361
1344 1 0 1361 1441 1442 1362
1345 1 0 1362 1442 1443 1363
1346 1 0 1363 1443 1444 1364
1347 1 0 1364 1444 1445 1365
1348 1 0 1365 1445 1446 1366
1349 1 0 1366 1446 1447 1367
1350 1 0 1367 1447 1448 1368
1351 1 0 1368 1448 1449 1369
1352 1 0 1369 1449 1450 1370
1353 1 0 1370 1450 1451 1371
1354 1 0 1371 1451 1452 1372
1355 1 0 1372 1452 1453 1373
1356 1 0 1373 1453 1454 1374
1357 1 0 1374 1454 1455 1375
1358 1 0 1375 1455 1456 1376
1359 1 0 1376 1456 1457 1377
1360 1 0 1377 1457 1458 1378
1361 1 0 1378 1458 1459 1379
1362 1 0 1379 1459 1460 1380
1363 1 0 1380 1460 1461 1381
1364 1 0 1381 1461 1462 1382
1365 1 0 1382 1462 1463 1383
1366 1 0 1383 1463 1464 1384
1367 1 0 1384 1464 1465 1385
1368 1 0 1385 1465 1466 1386
1369 1 0 1386 1466 1467 1387
1370 1 0 1387 1467 1468 1388
1371 1 0 1388 1468 1469 1389
1372 1 0 1389 1469 1470 1390
1373 1 0 1390 1470 1471 1391
1374 1 0 1391 1471 1472 1392
1375 1 0 1392 1472 1473 1393
1376 1 0 1393 1473 1474 1394
1377 1 0 1394 1474 1475 1395
1378 1 0 1395 1475 1476 1396
1379 1 0 1396 1476 1477 1397
1380 1 0 1397 1477 1478 1398
1381 1 0 1398 1478 1479 1399
1382 1 0 1399 1479 1480 1400
1383 1 0 1400 1480 1481 1401
1384 1 0 1401 1481 1482 1402
1385 1 0 1402 1482 1483 1403
1386 1 0 1403 1483 1484 1404
1387 1 0 1404 1484 1485 1405
1388 1 0 1405 1485 1486 1406
1389 1 0 1406 1486 1487 1407
1390 1 0 1407 1487 1488 1408
1391 1 0 1408 1488 1489 1409
1392 1 0 1409 1489 1490 1410
1393 1 0 1410 1490 1491 1411
1394 1 0 1411 1491 1492 1412
1395 1 0 1412 1492 1493 1413
1396 1 0 1413 1493 1494 1414
1397 1 0 1414 1494 1495 1415
1398 1 0 1415 1495 1496 1416
1399 1 0 1416 1496 1497 1417
1400 1 0 1417 1497 1498 1418
1401 1 0 1418 1498 1499 1419
1402 1 0 1419 1499 1500 1420
1403 1 0 1420 1500 1501 1421
1404 1 0 1421 1501 1502 1422
1405 1 0 1422 1502 1503 1423
1406 1 0 1423 1503 1504 1424
1407 1 0 1424 1504 1505 1425
1408 1 0 1425 1505 1506 1426
1409 1 0 1426 1506 1507 1427
1410 1 0 1427 1507 1508 1428
1411 1 0 1428 1508 1509 1429
1412 1 0 1429 1509 1510 1430
1413 1 0 1430 1510 1511 1431
1414 1 0 1431 1511 1512 1432
1415 1 0 1432 1512 1513 1433
1416 1 0 1433 1513 1514 1434
1417 1 0 1434 1514 1515 1435
1418 1 0 1435 1515 1516 1436
1419 1 0 1436 1516 1517 1437
1420 1 0 1437 1517 1518 1438
1421 1 0 1438 1518 1519 1439
1422 1 0 1440 1520 1521 1441
1423 1 0 1441 1521 1522 1442
1424 1 0 1442 1522 1523 1443
1425 1 0 1443 1523 1524 1444
1426 1 0 1444 1524 1525 1445
1427 1 0 1445 1525 1526 1446
1428 1 0 1446 1526 1527 1447
1429 1 0 1447 1527 1528 1448
1430 1 0 1448 1528 1529 1449
1431 1 0 1449 1529 1530 1450
1432 1 0 1450 1530 1531 1451
1433 1 0 1451 1531 1532 1452
1434 1 0 1452 1532 1533 1453
1435 1 0 1453 1533 1534 1454
1436 1 0 1454 1534 1535 1455
1437 1 0 1455 1535 1536 1456
1438 1 0 1456 1536 1537 1457
1439 1 0 1457 1537 1538 1458
1440 1 0 1458 1538 1539 1459
1441 1 0 1459 1539 1540 1460
1442 1 0 1460 1540 1541 1461
1443 1 0 1461 1541 1542 1462
1444 1 0 1462 1542 1543 1463
1445 1 0 1463 1543 1544 1464
1446 1 0 1464 1544 1545 1465
1447 1 0 1465 1545 1546 1466
1448 1 0 1466 1546 1547 1467
1449 1 0 1467 1547 1548 1468
1450 1 0 1468 1548 1549 1469
1451 1 0 1469 1549 1550 1470
1452 1 0 1470 1550 1551 1471
1453 1 0 1471 1551 1552 1472
1454 1 0 1472 1552 1553 1473
1455 1 0 1473 1553 1554 1474
1456 1 0 1474 1554 1555 1475
1457 1 0 1475 1555 1556 1476
1458 1 0 1476 1556 1557 1477
1459 1 0 1477 1557 1558 1478
1460 1 0 1478 1558 1559 1479
1461 1 0 1479 1559 1560 1480
1462 1 0 1480 1560 1561 1481
1463 1 0 1481 1561 1562 1482
1464 1 0 1482 1562 1563 1483
1465 1 0 1483 1563 1564 1484
1466 1 0 1484 1564 1565 1485
1467 1 0 1485 1565 1566 1486
1468 1 0 1486 1566 1567 1487
1469 1 0 1487 1567 1568 1488
1470 1 0 1488 1568 1569 1489
1471 1 0 1489 1569 1570 1490
1472 1 0 1490 1570 1571 1491
1473 1 0 1491 1571 1572 1492
1474 1 0 1492 1572 1573 1493
1475 1 0 1493 1573 1574 1494
1476 1 0 1494 1574 1575 1495
1477 1 0 1495 1575 1576 1496
1478 1 0 1496 1576 1577 1497
1479 1 0 1497 1577 1578 1498
1480 1 0 1498 1578 1579 1499
1481 1 0 1499 1579 1580 1500
1482 1 0 1500 1580 1581 1501
1483 1 0 1501 1581 1582 1502
1484 1 0 1502 1582 1583 1503
1485 1 0 1503 1583 1584 1504
1486 1 0 1504 1584 1585 1505
1487 1 0 1505 1585 1586 1506
1488 1 0 1506 1586 1587 1507
1489 1 0 1507 1587 1588 1508
1490 1 0 1508 1588 1589 1509
1491 1 0 1509 1589 1590 1510
1492 1 0 1510 1590 1591 1511
1493 1 0 1511 1591 1592 1512
1494 1 0 1512 1592 1593 1513
1495 1 0 1513 1593 1594 1514
1496 1 0 1514 1594 1595 1515
1497 1 0 1515 1595 1596 1516
1498 1 0 1516 1596 1597 1517
1499 1 0 1517 1597 1598 1518
1500 1 0 1518 1598 1599 1519
