0 1.892645 -110.634726
1 7.571473 -221.167681
2 15.146615 -220.861662
3 22.727632 -220.349507
4 30.317244 -219.627988
5 37.917242 -218.692844
6 45.529261 -217.538473
7 53.155278 -216.157923
8 60.794826 -214.543449
9 68.447083 -212.686183
10 76.109784 -210.576491
11 83.780054 -208.203650
12 91.453912 -205.556067
13 99.125054 -202.621918
14 106.785562 -199.389037
15 114.425896 -195.845040
16 122.035355 -191.977052
17 129.601008 -187.772580
18 137.107441 -183.219956
19 144.537666 -178.307955
20 151.872701 -173.026331
21 159.091581 -167.366133
22 166.171407 -161.320040
23 173.087441 -154.882705
24 179.813258 -148.051102
25 186.321376 -140.824152
26 192.582523 -133.204537
27 198.566892 -125.197367
28 204.244278 -116.810879
29 209.583735 -108.057752
30 214.555069 -98.953414
31 219.128789 -89.516718
32 223.276298 -79.770893
33 226.970678 -69.742578
34 230.187253 -59.461562
35 232.903807 -48.960979
36 235.101169 -38.276751
37 236.763575 -27.446045
38 237.878759 -16.509840
39 238.436780 -5.430091
40 238.395118 6.234927
41 237.681191 18.426132
42 236.264703 30.591539
43 234.160330 42.582346
44 231.391697 54.333029
45 227.989581 65.782800
46 223.990311 76.877490
47 219.435389 87.569461
48 214.370304 97.817052
49 208.843473 107.586695
50 202.904832 116.852365
51 196.604802 125.596290
52 189.994060 133.806285
53 183.121427 141.478479
54 176.033827 148.614779
55 168.776059 155.221955
56 161.389581 161.311967
57 153.912057 166.901362
58 146.377857 172.009389
59 138.817224 176.658289
60 131.256967 180.871804
61 123.719580 184.675462
62 116.223361 188.095893
63 108.784911 191.158482
64 101.415421 193.889988
65 94.124245 196.315836
66 86.917167 198.460777
67 79.798058 200.348329
68 72.768246 202.000525
69 65.825581 203.438779
70 58.969182 204.681335
71 52.193003 205.746262
72 45.492451 206.648877
73 38.860289 207.403031
74 32.287012 208.021145
75 25.766691 208.512752
76 19.288321 208.886488
77 12.840587 209.148986
78 6.414221 209.304599
79 1.602483 104.678076
