0 0.00000000 -371.00000000 -1 0
1 14.75129685 -370.74764730 0 0
2 29.48902420 -369.99047032 0 0
3 44.19951849 -368.72809869 0 0
4 58.86895841 -366.96011936 0 0
5 73.48325028 -364.68579943 0 0
6 88.02800427 -361.90448713 0 0
7 102.48837998 -358.61523136 0 0
8 116.84906068 -354.81711667 0 0
9 131.09417319 -350.50925453 0 0
10 145.20721846 -345.69083899 0 0
11 159.17103868 -340.36128338 0 0
12 172.96770513 -334.52016514 0 0
13 186.57851427 -328.16742843 0 0
14 199.98396085 -321.30349133 0 0
15 213.16371918 -313.92935344 0 0
16 226.09663284 -306.04670520 0 0
17 238.76065945 -297.65797271 0 0
18 251.13297686 -288.76657081 0 0
19 263.18998696 -279.37698060 0 0
20 274.90737088 -269.49488206 0 0
21 286.26016444 -259.12728719 0 0
22 297.22285533 -248.28267129 0 0
23 307.76950314 -236.97109963 0 0
24 317.87388264 -225.20434583 0 0
25 327.50965010 -212.99599857 0 0
26 336.65043624 -200.36149563 0 0
27 345.27025506 -187.31832885 0 0
28 353.34341850 -173.88590999 0 0
29 360.84503893 -160.08575839 0 0
30 367.75111883 -145.94141199 0 0
31 374.03882751 -131.47841584 0 0
32 379.68668128 -116.72424008 0 0
33 384.67494654 -101.70824273 0 0
34 388.98569175 -86.46148295 0 0
35 392.60315477 -71.01660899 0 0
36 395.51382228 -55.40764200 0 0
37 397.70672160 -39.66978640 0 0
38 399.17329490 -23.83916540 0 0
39 399.90803361 -7.95261857 0 0
40 399.89730705 7.95240526 0 0
41 399.07671000 23.83339722 0 0
42 397.44048946 39.64323073 0 0
43 394.99783815 55.33535764 0 0
44 391.76284330 70.86460799 0 0
45 387.75343428 86.18758391 0 0
46 382.99180334 101.26321885 0 0
47 377.50310226 116.05295869 0 0
48 371.31587519 130.52127067 0 0
49 364.46082867 144.63566588 0 0
50 356.97098256 158.36706703 0 0
51 348.88051331 171.68964345 0 0
52 340.22481063 184.58104058 0 0
53 331.03967530 197.02218478 0 0
54 321.36101344 208.99723088 0 0
55 311.22437148 220.49336172 0 0
56 300.66475271 231.50070537 0 0
57 289.71610921 242.01197257 0 0
58 278.41123779 252.02231303 0 0
59 266.78152403 261.52902021 0 0
60 254.85679932 270.53127629 0 0
61 242.66528343 279.02994911 0 0
62 230.23340441 287.02722033 0 0
63 217.58583106 294.52639722 0 0
64 204.74560677 301.53187512 0 0
65 191.73383268 308.04845341 0 0
66 178.57016195 314.08177448 0 0
67 165.27239573 319.63740902 0 0
68 151.85705141 324.72151552 0 0
69 138.33899245 329.33984186 0 0
70 124.73188093 333.49825959 0 0
71 111.04814785 337.20239942 0 0
72 97.29904593 340.45732672 0 0
73 83.49496424 343.26805955 0 0
74 69.64530847 345.63869862 0 0
75 55.75881159 347.57299444 0 0
76 41.84360821 349.07425742 0 0
77 27.90727989 350.14477058 0 0
78 13.95707675 350.78633565 0 0
79 0.00000000 351.00000000 -1 0
80 0.00000000 -373.94736842 -1 0
81 14.86854237 -373.69440510 0 0
82 29.72373960 -372.93537824 0 0
83 44.55215312 -371.66990209 0 0
84 59.34018856 -369.89753625 0 0
85 74.07398202 -367.61750805 0 0
86 88.73937698 -364.82911299 0 0
87 103.32177089 -361.53133439 0 0
88 117.80609442 -357.72319010 0 0
89 132.17671891 -353.40367987 0 0
90 146.41739999 -348.57188494 0 0
91 160.51124813 -343.22710252 0 0
92 174.44059742 -337.36874413 0 0
93 188.18701884 -330.99657953 0 0
94 201.73128737 -324.11082703 0 0
95 215.05335583 -316.71224920 0 0
96 228.13234997 -308.80227264 0 0
97 240.94649972 -300.38301453 0 0
98 253.47325268 -291.45754923 0 0
99 265.68924852 -282.02995443 0 0
100 277.57038494 -272.10546561 0 0
101 289.09185816 -261.69058171 0 0
102 300.22826767 -250.79321780 0 0
103 310.95366925 -239.42278940 0 0
104 321.24173662 -227.59037184 0 0
105 331.06584319 -215.30876980 0 0
106 340.39913583 -202.59257860 0 0
107 349.21487837 -189.45839228 0 0
108 357.48630619 -175.92469085 0 0
109 365.18706510 -162.01206048 0 0
110 372.29122665 -147.74314613 0 0
111 378.77352405 -133.14270937 0 0
112 384.60949972 -118.23762537 0 0
113 389.77591378 -103.05694094 0 0
114 394.25088461 -87.63179947 0 0
115 398.01439043 -71.99542845 0 0
116 401.04858548 -56.18300853 0 0
117 403.33840040 -40.23152570 0 0
118 404.87176392 -24.17948563 0 0
119 405.64057860 -8.06661664 0 0
120 405.57516753 8.06531587 0 0
121 404.33934261 24.14768871 0 0
122 402.08547981 40.10655147 0 0
123 399.01807288 55.89855345 0 0
124 395.23636727 71.49292157 0 0
125 390.77331776 86.85882609 0 0
126 385.64043704 101.96351888 0 0
127 379.84704010 116.77353799 0 0
128 373.40728698 131.25642298 0 0
129 366.34039885 145.38157014 0 0
130 358.67064981 159.12110960 0 0
131 350.42551678 172.44996420 0 0
132 341.63534342 185.34629227 0 0
133 332.33207587 197.79137230 0 0
134 322.54866119 209.76961795 0 0
135 312.31829064 221.26837144 0 0
136 301.67412994 232.27788839 0 0
137 290.64864835 242.79096148 0 0
138 279.27349714 252.80284400 0 0
139 267.57904515 262.31083940 0 0
140 255.59438898 271.31422998 0 0
141 243.34701129 279.81383745 0 0
142 230.86284629 287.81193250 0 0
143 218.16608048 295.31182876 0 0
144 205.27936981 302.31795582 0 0
145 192.22344269 308.83508353 0 0
146 179.01765723 314.86886068 0 0
147 165.67959057 320.42492530 0 0
148 152.22550749 325.50939872 0 0
149 138.67006610 330.12801982 0 0
150 125.02676465 334.28669641 0 0
151 111.30787989 337.99108676 0 0
152 97.52450348 341.24622114 0 0
153 83.68689285 344.05712463 0 0
154 69.80433096 346.42790218 0 0
155 55.88543569 348.36230679 0 0
156 41.93823290 349.86365026 0 0
157 27.97020041 350.93421655 0 0
158 13.98848827 351.57580826 0 0
159 0.00000000 351.78947368 -1 0
160 0.00000000 -376.89473684 -1 0
161 14.98578788 -376.64116290 0 0
162 29.95845500 -375.88028615 0 0
163 44.90478774 -374.61170550 0 0
164 59.81141871 -372.83495313 0 0
165 74.66471376 -370.54921666 0 0
166 89.45074970 -367.75373884 0 0
167 104.15516180 -364.44743742 0 0
168 118.76312815 -360.62926353 0 0
169 133.25926464 -356.29810520 0 0
170 147.62758153 -351.45293090 0 0
171 161.85145758 -346.09292166 0 0
172 175.91348971 -340.21732312 0 0
173 189.79552341 -333.82573063 0 0
174 203.47861389 -326.91816272 0 0
175 216.94299248 -319.49514497 0 0
176 230.16806709 -311.55784008 0 0
177 243.13233998 -303.10805635 0 0
178 255.81352850 -294.14852766 0 0
179 268.18851008 -284.68292826 0 0
180 280.23339900 -274.71604916 0 0
181 291.92355188 -264.25387623 0 0
182 303.23368000 -253.30376431 0 0
183 314.13783535 -241.87447917 0 0
184 324.60959060 -229.97639785 0 0
185 334.62203628 -217.62154104 0 0
186 344.14783541 -204.82366157 0 0
187 353.15950168 -191.59845571 0 0
188 361.62919388 -177.96347170 0 0
189 369.52909128 -163.93836258 0 0
190 376.83133447 -149.54488027 0 0
191 383.50822059 -134.80700290 0 0
192 389.53231816 -119.75101067 0 0
193 394.87688101 -104.40563916 0 0
194 399.51607747 -88.80211600 0 0
195 403.42562608 -72.97424790 0 0
196 406.58334867 -56.95837505 0 0
197 408.97007919 -40.79326500 0 0
198 410.57023293 -24.51980585 0 0
199 411.37312359 -8.18061471 0 0
200 411.25302800 8.17822647 0 0
201 409.60197521 24.46198020 0 0
202 406.73047016 40.56987222 0 0
203 403.03830761 56.46174926 0 0
204 398.70989124 72.12123515 0 0
205 393.79320123 87.53006827 0 0
206 388.28907074 102.66381892 0 0
207 382.19097794 117.49411729 0 0
208 375.49869876 131.99157529 0 0
209 368.21996903 146.12747440 0 0
210 360.37031705 159.87515217 0 0
211 351.97052025 173.21028496 0 0
212 343.04587622 186.11154396 0 0
213 333.62447645 198.56055981 0 0
214 323.73630894 210.54200502 0 0
215 313.41220980 222.04338116 0 0
216 302.68350716 233.05507141 0 0
217 291.58118749 243.56995039 0 0
218 280.13575648 253.58337498 0 0
219 268.37656627 263.09265860 0 0
220 256.33197864 272.09718367 0 0
221 244.02873914 280.59772580 0 0
222 231.49228817 288.59664466 0 0
223 218.74632991 296.09726029 0 0
224 205.81313286 303.10403653 0 0
225 192.71305270 309.62171364 0 0
226 179.46515251 315.65594689 0 0
227 166.08678540 321.21244157 0 0
228 152.59396358 326.29728191 0 0
229 139.00113975 330.91619777 0 0
230 125.32164837 335.07513323 0 0
231 111.56761194 338.77977411 0 0
232 97.74996103 342.03511556 0 0
233 83.87882146 344.84618971 0 0
234 69.96335344 347.21710575 0 0
235 56.01205979 349.15161913 0 0
236 42.03285759 350.65304309 0 0
237 28.03312092 351.72366253 0 0
238 14.01989978 352.36528087 0 0
239 0.00000000 352.57894737 -1 0
240 0.00000000 -379.84210526 -1 0
241 15.10303340 -379.58792070 0 0
242 30.19317039 -378.82519407 0 0
243 45.25742236 -377.55350891 0 0
244 60.28264887 -375.77237001 0 0
245 75.25544550 -373.48092528 0 0
246 90.16212241 -370.67836470 0 0
247 104.98855272 -367.36354045 0 0
248 119.72016188 -363.53533695 0 0
249 134.34181037 -359.19253054 0 0
250 148.83776306 -354.33397685 0 0
251 163.19166704 -348.95874080 0 0
252 177.38638200 -343.06590211 0 0
253 191.40402799 -336.65488173 0 0
254 205.22594041 -329.72549841 0 0
255 218.83262913 -322.27804074 0 0
256 232.20378422 -314.31340752 0 0
257 245.31818025 -305.83309817 0 0
258 258.15380432 -296.83950609 0 0
259 270.68777164 -287.33590209 0 0
260 282.89641306 -277.32663271 0 0
261 294.75524559 -266.81717075 0 0
262 306.23909233 -255.81431082 0 0
263 317.32200146 -244.32616895 0 0
264 327.97744457 -232.36242386 0 0
265 338.17822937 -219.93431227 0 0
266 347.89653500 -207.05474455 0 0
267 357.10412498 -193.73851914 0 0
268 365.77208158 -180.00225256 0 0
269 373.87111745 -165.86466467 0 0
270 381.37144228 -151.34661441 0 0
271 388.24291713 -136.47129643 0 0
272 394.45513660 -121.26439597 0 0
273 399.97784825 -105.75433737 0 0
274 404.78127032 -89.97243252 0 0
275 408.83686173 -73.95306736 0 0
276 412.11811187 -57.73374158 0 0
277 414.60175799 -41.35500430 0 0
278 416.26870194 -24.86012608 0 0
279 417.10566857 -8.29461278 0 0
280 416.93088848 8.29113708 0 0
281 414.86460781 24.77627169 0 0
282 411.37546051 41.03319296 0 0
283 407.05854235 57.02494507 0 0
284 402.18341521 72.74954873 0 0
285 396.81308471 88.20131045 0 0
286 390.93770444 103.36411896 0 0
287 384.53491579 118.21469659 0 0
288 377.59011055 132.72672760 0 0
289 370.09953921 146.87337866 0 0
290 362.06998429 160.62919473 0 0
291 353.51552372 173.97060571 0 0
292 344.45640901 186.87679565 0 0
293 334.91687702 199.32974732 0 0
294 324.92395669 211.31439209 0 0
295 314.50612896 222.81839088 0 0
296 303.69288439 233.83225442 0 0
297 292.51372663 244.34893930 0 0
298 280.99801583 254.36390595 0 0
299 269.17408739 263.87447780 0 0
300 257.06956829 272.88013736 0 0
301 244.71046699 281.38161415 0 0
302 232.12173005 289.38135683 0 0
303 219.32657934 296.88269183 0 0
304 206.34689590 303.89011723 0 0
305 193.20266272 310.40834376 0 0
306 179.91264779 316.44303309 0 0
307 166.49398024 321.99995785 0 0
308 152.96241966 327.08516510 0 0
309 139.33221341 331.70437573 0 0
310 125.61653209 335.86357005 0 0
311 111.82734399 339.56846146 0 0
312 97.97541858 342.82400999 0 0
313 84.07075006 345.63525479 0 0
314 70.12237593 348.00630932 0 0
315 56.13868389 349.94093148 0 0
316 42.12748229 351.44243592 0 0
317 28.09604144 352.51310851 0 0
318 14.05131129 353.15475347 0 0
319 0.00000000 353.36842105 -1 0
320 0.00000000 -382.78947368 -1 0
321 15.22027892 -382.53467850 0 0
322 30.42788579 -381.77010198 0 0
323 45.61005698 -380.49531232 0 0
324 60.75387902 -378.70978689 0 0
325 75.84617725 -376.41263389 0 0
326 90.87349513 -373.60299055 0 0
327 105.82194363 -370.27964348 0 0
328 120.67719562 -366.44141038 0 0
329 135.42435610 -362.08695587 0 0
330 150.04794459 -357.21502280 0 0
331 164.53187649 -351.82455995 0 0
332 178.85927428 -345.91448110 0 0
333 193.01253256 -339.48403283 0 0
334 206.97326693 -332.53283410 0 0
335 220.72226578 -325.06093650 0 0
336 234.23950134 -317.06897495 0 0
337 247.50402051 -308.55813999 0 0
338 260.49408013 -299.53048451 0 0
339 273.18703320 -289.98887592 0 0
340 285.55942712 -279.93721626 0 0
341 297.58693931 -269.38046527 0 0
342 309.24450466 -258.32485733 0 0
343 320.50616756 -246.77785872 0 0
344 331.34529855 -234.74844987 0 0
345 341.73442246 -222.24708351 0 0
346 351.64523458 -209.28582752 0 0
347 361.04874829 -195.87858257 0 0
348 369.91496927 -182.04103341 0 0
349 378.21314363 -167.79096676 0 0
350 385.91155010 -153.14834855 0 0
351 392.97761367 -138.13558996 0 0
352 399.37795504 -122.77778127 0 0
353 405.07881548 -107.10303559 0 0
354 410.04646318 -91.14274905 0 0
355 414.24809738 -74.93188682 0 0
356 417.65287506 -58.50910810 0 0
357 420.23343679 -41.91674360 0 0
358 421.96717096 -25.20044630 0 0
359 422.83821356 -8.40861085 0 0
360 422.60874896 8.40404769 0 0
361 420.12724041 25.09056318 0 0
362 416.02045086 41.49651371 0 0
363 411.07877708 57.58814087 0 0
364 405.65693918 73.37786231 0 0
365 399.83296818 88.87255263 0 0
366 393.58633814 104.06441900 0 0
367 386.87885363 118.93527589 0 0
368 379.68152234 133.46187991 0 0
369 371.97910939 147.61928292 0 0
370 363.76965153 161.38323730 0 0
371 355.06052719 174.73092646 0 0
372 345.86694180 187.64204734 0 0
373 336.20927759 200.09893483 0 0
374 326.11160444 212.08677916 0 0
375 315.60004813 223.59340060 0 0
376 304.70226161 234.60943744 0 0
377 293.44626577 245.12792821 0 0
378 281.86027518 255.14443693 0 0
379 269.97160851 264.65629699 0 0
380 257.80715795 273.66309105 0 0
381 245.39219484 282.16550249 0 0
382 232.75117193 290.16606900 0 0
383 219.90682877 297.66812336 0 0
384 206.88065894 304.67619794 0 0
385 193.69227273 311.19497388 0 0
386 180.36014306 317.23011930 0 0
387 166.90117507 322.78747413 0 0
388 153.33087575 327.87304830 0 0
389 139.66328706 332.49255368 0 0
390 125.91141581 336.65200687 0 0
391 112.08707603 340.35714880 0 0
392 98.20087612 343.61290441 0 0
393 84.26267867 346.42431987 0 0
394 70.28139842 348.79551289 0 0
395 56.26530800 350.73024382 0 0
396 42.22210698 352.23182876 0 0
397 28.15896196 353.30255449 0 0
398 14.08272281 353.94422608 0 0
399 0.00000000 354.15789474 -1 0
400 0.00000000 -385.73684211 -1 0
401 15.33752443 -385.48143630 0 0
402 30.66260119 -384.71500990 0 0
403 45.96269161 -383.43711572 0 0
404 61.22510917 -381.64720377 0 0
405 76.43690899 -379.34434251 0 0
406 91.58486784 -376.52761641 0 0
407 106.65533454 -373.19574651 0 0
408 121.63422935 -369.34748381 0 0
409 136.50690183 -364.98138121 0 0
410 151.25812612 -360.09606876 0 0
411 165.87208594 -354.69037909 0 0
412 180.33216657 -348.76306010 0 0
413 194.62103713 -342.31318393 0 0
414 208.72059345 -335.34016980 0 0
415 222.61190243 -327.84383227 0 0
416 236.27521847 -319.82454239 0 0
417 249.68986078 -311.28318181 0 0
418 262.83435595 -302.22146294 0 0
419 275.68629475 -292.64184975 0 0
420 288.22244118 -282.54779981 0 0
421 300.41863303 -271.94375979 0 0
422 312.24991699 -260.83540384 0 0
423 323.69033367 -249.22954849 0 0
424 334.71315253 -237.13447588 0 0
425 345.29061555 -224.55985475 0 0
426 355.39393417 -211.51691049 0 0
427 364.99337159 -198.01864599 0 0
428 374.05785696 -184.07981426 0 0
429 382.55516980 -169.71726885 0 0
430 390.45165792 -154.95008269 0 0
431 397.71231021 -139.79988349 0 0
432 404.30077348 -124.29116657 0 0
433 410.17978272 -108.45173380 0 0
434 415.31165604 -92.31306557 0 0
435 419.65933303 -75.91070627 0 0
436 423.18763826 -59.28447462 0 0
437 425.86511558 -42.47848290 0 0
438 427.66563997 -25.54076653 0 0
439 428.57075854 -8.52260892 0 0
440 428.28660944 8.51695829 0 0
441 425.38987302 25.40485467 0 0
442 420.66544121 41.95983446 0 0
443 415.09901181 58.15133668 0 0
444 409.13046316 74.00617589 0 0
445 402.85285166 89.54379481 0 0
446 396.23497184 104.76471903 0 0
447 389.22279148 119.65585520 0 0
448 381.77293413 134.19703223 0 0
449 373.85867957 148.36518718 0 0
450 365.46931878 162.13727987 0 0
451 356.60553066 175.49124722 0 0
452 347.27747460 188.40729902 0 0
453 337.50167816 200.86812235 0 0
454 327.29925219 212.85916622 0 0
455 316.69396729 224.36841032 0 0
456 305.71163884 235.38662046 0 0
457 294.37880491 245.90691712 0 0
458 282.72253452 255.92496790 0 0
459 270.76912963 265.43811619 0 0
460 258.54474761 274.44604474 0 0
461 246.07392270 282.94939084 0 0
462 233.38061381 290.95078116 0 0
463 220.48707820 298.45355490 0 0
464 207.41442198 305.46227864 0 0
465 194.18188274 311.98160399 0 0
466 180.80763834 318.01720550 0 0
467 167.30836990 323.57499040 0 0
468 153.69933184 328.66093149 0 0
469 139.99436071 333.28073164 0 0
470 126.20629953 337.44044369 0 0
471 112.34680808 341.14583615 0 0
472 98.42633367 344.40179883 0 0
473 84.45460728 347.21338495 0 0
474 70.44042091 349.58471646 0 0
475 56.39193210 351.51955617 0 0
476 42.31673167 353.02122159 0 0
477 28.22188247 354.09200047 0 0
478 14.11413432 354.73369869 0 0
479 0.00000000 354.94736842 -1 0
480 0.00000000 -388.68421053 -1 0
481 15.45476995 -388.42819410 0 0
482 30.89731659 -387.65991781 0 0
483 46.31532623 -386.37891913 0 0
484 61.69633932 -384.58462066 0 0
485 77.02764073 -382.27605112 0 0
486 92.29624055 -379.45224226 0 0
487 107.48872546 -376.11184954 0 0
488 122.59126309 -372.25355724 0 0
489 137.58944755 -367.87580654 0 0
490 152.46830765 -362.97711471 0 0
491 167.21229540 -357.55619823 0 0
492 181.80505886 -351.61163909 0 0
493 196.22954170 -345.14233503 0 0
494 210.46791997 -338.14750549 0 0
495 224.50153908 -330.62672804 0 0
496 238.31093560 -322.58010983 0 0
497 251.87570104 -314.00822364 0 0
498 265.17463177 -304.91244137 0 0
499 278.18555631 -295.29482359 0 0
500 290.88545524 -285.15838336 0 0
501 303.25032675 -274.50705431 0 0
502 315.25532932 -263.34595035 0 0
503 326.87449977 -251.68123827 0 0
504 338.08100651 -239.52050189 0 0
505 348.84680864 -226.87262598 0 0
506 359.14263376 -213.74799346 0 0
507 368.93799490 -200.15870942 0 0
508 378.20074466 -186.11859512 0 0
509 386.89719597 -171.64357094 0 0
510 394.99176574 -156.75181683 0 0
511 402.44700675 -141.46417702 0 0
512 409.22359192 -125.80455186 0 0
513 415.28074995 -109.80043202 0 0
514 420.57684890 -93.48338209 0 0
515 425.07056869 -76.88952573 0 0
516 428.72240145 -60.05984115 0 0
517 431.49679438 -43.04022220 0 0
518 433.36410899 -25.88108675 0 0
519 434.30330353 -8.63660698 0 0
520 433.96446992 8.62986890 0 0
521 430.65250562 25.71914615 0 0
522 425.31043156 42.42315520 0 0
523 419.11924655 58.71453249 0 0
524 412.60398713 74.63448947 0 0
525 405.87273513 90.21503699 0 0
526 398.88360554 105.46501907 0 0
527 391.56672932 120.37643450 0 0
528 383.86434591 134.93218454 0 0
529 375.73824975 149.11109144 0 0
530 367.16898602 162.89132243 0 0
531 358.15053412 176.25156797 0 0
532 348.68800739 189.17255071 0 0
533 338.79407873 201.63730986 0 0
534 328.48689994 213.63155329 0 0
535 317.78788645 225.14342004 0 0
536 306.72101606 236.16380347 0 0
537 295.31134404 246.68590604 0 0
538 283.58479387 256.70549888 0 0
539 271.56665075 266.21993539 0 0
540 259.28233727 275.22899843 0 0
541 246.75565055 283.73327919 0 0
542 234.01005569 291.73549333 0 0
543 221.06732763 299.23898644 0 0
544 207.94818502 306.24835935 0 0
545 194.67149275 312.76823411 0 0
546 181.25513362 318.80429170 0 0
547 167.71556474 324.36250668 0 0
548 154.06778792 329.44881469 0 0
549 140.32543436 334.06890959 0 0
550 126.50118325 338.22888051 0 0
551 112.60654012 341.93452349 0 0
552 98.65179122 345.19069325 0 0
553 84.64653589 348.00245003 0 0
554 70.59944340 350.37392002 0 0
555 56.51855620 352.30886851 0 0
556 42.41135636 353.81061443 0 0
557 28.28480299 354.88144644 0 0
558 14.14554583 355.52317130 0 0
559 0.00000000 355.73684211 -1 0
560 0.00000000 -391.63157895 -1 0
561 15.57201546 -391.37495190 0 0
562 31.13203199 -390.60482573 0 0
563 46.66796085 -389.32072254 0 0
564 62.16756947 -387.52203754 0 0
565 77.61837248 -385.20775974 0 0
566 93.00761327 -382.37686812 0 0
567 108.32211637 -379.02795256 0 0
568 123.54829682 -375.15963067 0 0
569 138.67199328 -370.77023188 0 0
570 153.67848919 -365.85816067 0 0
571 168.55250485 -360.42201737 0 0
572 183.27795114 -354.46021808 0 0
573 197.83804627 -347.97148613 0 0
574 212.21524649 -340.95484118 0 0
575 226.39117573 -333.40962381 0 0
576 240.34665272 -325.33567727 0 0
577 254.06154131 -316.73326546 0 0
578 267.51490759 -307.60341980 0 0
579 280.68481787 -297.94779742 0 0
580 293.54846931 -287.76896691 0 0
581 306.08202046 -277.07034883 0 0
582 318.26074166 -265.85649686 0 0
583 330.05866588 -254.13292804 0 0
584 341.44886048 -241.90652790 0 0
585 352.40300172 -229.18539722 0 0
586 362.89133334 -215.97907643 0 0
587 372.88261821 -202.29877285 0 0
588 382.34363235 -188.15737597 0 0
589 391.23922215 -173.56987303 0 0
590 399.53187356 -158.55355097 0 0
591 407.18170329 -143.12847055 0 0
592 414.14641036 -127.31793716 0 0
593 420.38171719 -111.14913023 0 0
594 425.84204176 -94.65369862 0 0
595 430.48180434 -77.86834518 0 0
596 434.25716465 -60.83520767 0 0
597 437.12847318 -43.60196150 0 0
598 439.06257800 -26.22140697 0 0
599 440.03584852 -8.75060505 0 0
600 439.64233040 8.74277951 0 0
601 435.91513822 26.03343764 0 0
602 429.95542191 42.88647595 0 0
603 423.13948128 59.27772830 0 0
604 416.07751110 75.26280305 0 0
605 408.89261861 90.88627917 0 0
606 401.53223924 106.16531911 0 0
607 393.91066716 121.09701380 0 0
608 385.95575770 135.66733685 0 0
609 377.61781993 149.85699570 0 0
610 368.86865326 163.64536500 0 0
611 359.69553759 177.01188872 0 0
612 350.09854018 189.93780240 0 0
613 340.08647930 202.40649737 0 0
614 329.67454769 214.40394036 0 0
615 318.88180561 225.91842976 0 0
616 307.73039329 236.94098649 0 0
617 296.24388318 247.46489495 0 0
618 284.44705321 257.48602985 0 0
619 272.36417187 267.00175459 0 0
620 260.01992693 276.01195212 0 0
621 247.43737840 284.51716754 0 0
622 234.63949758 292.52020550 0 0
623 221.64757705 300.02441797 0 0
624 208.48194807 307.03444005 0 0
625 195.16110277 313.55486423 0 0
626 181.70262890 319.59137791 0 0
627 168.12275957 325.15002295 0 0
628 154.43624401 330.23669788 0 0
629 140.65650801 334.85708755 0 0
630 126.79606697 339.01731733 0 0
631 112.86627217 342.72321084 0 0
632 98.87724877 345.97958767 0 0
633 84.83846449 348.79151511 0 0
634 70.75846589 351.16312359 0 0
635 56.64518030 353.09818086 0 0
636 42.50598106 354.60000726 0 0
637 28.34772351 355.67089242 0 0
638 14.17695735 356.31264391 0 0
639 0.00000000 356.52631579 -1 0
640 0.00000000 -394.57894737 -1 0
641 15.68926098 -394.32170970 0 0
642 31.36674739 -393.54973364 0 0
643 47.02059548 -392.26252594 0 0
644 62.63879962 -390.45945442 0 0
645 78.20910422 -388.13946835 0 0
646 93.71898598 -385.30149397 0 0
647 109.15550728 -381.94405559 0 0
648 124.50533056 -378.06570410 0 0
649 139.75453901 -373.66465721 0 0
650 154.88867072 -368.73920662 0 0
651 169.89271430 -363.28783651 0 0
652 184.75084343 -357.30879707 0 0
653 199.44655084 -350.80063723 0 0
654 213.96257301 -343.76217688 0 0
655 228.28081238 -336.19251957 0 0
656 242.38236985 -328.09124470 0 0
657 256.24738157 -319.45830728 0 0
658 269.85518341 -310.29439822 0 0
659 283.18407943 -300.60077125 0 0
660 296.21148337 -290.37955046 0 0
661 308.91371418 -279.63364335 0 0
662 321.26615399 -268.36704337 0 0
663 333.24283198 -256.58461781 0 0
664 344.81671446 -244.29255391 0 0
665 355.95919481 -231.49816845 0 0
666 366.64003293 -218.21015940 0 0
667 376.82724151 -204.43883628 0 0
668 386.48652004 -190.19615683 0 0
669 395.58124832 -175.49617512 0 0
670 404.07198138 -160.35528510 0 0
671 411.91639983 -144.79276408 0 0
672 419.06922879 -128.83132246 0 0
673 425.48268443 -112.49782845 0 0
674 431.10723462 -95.82401514 0 0
675 435.89303999 -78.84716464 0 0
676 439.79192784 -61.61057420 0 0
677 442.76015197 -44.16370080 0 0
678 444.76104701 -26.56172720 0 0
679 445.76839350 -8.86460312 0 0
680 445.32019088 8.85569011 0 0
681 441.17777082 26.34772913 0 0
682 434.60041226 43.34979669 0 0
683 427.15971601 59.84092411 0 0
684 419.55103507 75.89111663 0 0
685 411.91250208 91.55752135 0 0
686 404.18087295 106.86561914 0 0
687 396.25460501 121.81759310 0 0
688 388.04716949 136.40248916 0 0
689 379.49739011 150.60289996 0 0
690 370.56832050 164.39940757 0 0
691 361.24054106 177.77220947 0 0
692 351.50907297 190.70305409 0 0
693 341.37887988 203.17568488 0 0
694 330.86219544 215.17632743 0 0
695 319.97572477 226.69343948 0 0
696 308.73977051 237.71816951 0 0
697 297.17642232 248.24388386 0 0
698 285.30931256 258.26656083 0 0
699 273.16169299 267.78357378 0 0
700 260.75751658 276.79490581 0 0
701 248.11910625 285.30105588 0 0
702 235.26893946 293.30491766 0 0
703 222.22782648 300.80984951 0 0
704 209.01571111 307.82052076 0 0
705 195.65071278 314.34149434 0 0
706 182.15012418 320.37846411 0 0
707 168.52995440 325.93753923 0 0
708 154.80470009 331.02458107 0 0
709 140.98758167 335.64526550 0 0
710 127.09095069 339.80575415 0 0
711 113.12600421 343.51189818 0 0
712 99.10270632 346.76848209 0 0
713 85.03039310 349.58058019 0 0
714 70.91748838 351.95232716 0 0
715 56.77180440 353.88749320 0 0
716 42.60060575 355.38940010 0 0
717 28.41064402 356.46033840 0 0
718 14.20836886 357.10211652 0 0
719 0.00000000 357.31578947 -1 0
720 0.00000000 -397.52631579 -1 0
721 15.80650649 -397.26846750 0 0
722 31.60146279 -396.49464156 0 0
723 47.37323010 -395.20432935 0 0
724 63.11002977 -393.39687130 0 0
725 78.79983596 -391.07117697 0 0
726 94.43035870 -388.22611983 0 0
727 109.98889820 -384.86015862 0 0
728 125.46236429 -380.97177753 0 0
729 140.83708474 -376.55908255 0 0
730 156.09885225 -371.62025258 0 0
731 171.23292376 -366.15365566 0 0
732 186.22373572 -360.15737606 0 0
733 201.05505542 -353.62978833 0 0
734 215.70989953 -346.56951257 0 0
735 230.17044903 -338.97541534 0 0
736 244.41808698 -330.84681214 0 0
737 258.43322184 -322.18334910 0 0
738 272.19545923 -312.98537665 0 0
739 285.68334099 -303.25374508 0 0
740 298.87449743 -292.99013401 0 0
741 311.74540790 -282.19693787 0 0
742 324.27156632 -270.87758988 0 0
743 336.42699809 -259.03630758 0 0
744 348.18456844 -246.67857991 0 0
745 359.51538790 -233.81093969 0 0
746 370.38873251 -220.44124238 0 0
747 380.77186482 -206.57889971 0 0
748 390.62940773 -192.23493768 0 0
749 399.92327450 -177.42247721 0 0
750 408.61208920 -162.15701924 0 0
751 416.65109637 -146.45705761 0 0
752 423.99204723 -130.34470776 0 0
753 430.58365166 -113.84652666 0 0
754 436.37242748 -96.99433167 0 0
755 441.30427564 -79.82598410 0 0
756 445.32669104 -62.38594072 0 0
757 448.39183077 -44.72544009 0 0
758 450.45951603 -26.90204742 0 0
759 451.50093849 -8.97860119 0 0
760 450.99805136 8.96860072 0 0
761 446.44040343 26.66202062 0 0
762 439.24540261 43.81311744 0 0
763 431.17995075 60.40411992 0 0
764 423.02455904 76.51943021 0 0
765 414.93238555 92.22876353 0 0
766 406.82950665 107.56591918 0 0
767 398.59854285 122.53817240 0 0
768 390.13858127 137.13764147 0 0
769 381.37696029 151.34880422 0 0
770 372.26798775 165.15345014 0 0
771 362.78554453 178.53253023 0 0
772 352.91960577 191.46830578 0 0
773 342.67128045 203.94487239 0 0
774 332.04984319 215.94871450 0 0
775 321.06964393 227.46844920 0 0
776 309.74914774 238.49535252 0 0
777 298.10896146 249.02287277 0 0
778 286.17157191 259.04709180 0 0
779 273.95921411 268.56539298 0 0
780 261.49510624 277.57785950 0 0
781 248.80083411 286.08494423 0 0
782 235.89838134 294.08962983 0 0
783 222.80807591 301.59528104 0 0
784 209.54947415 308.60660146 0 0
785 196.14032279 315.12812446 0 0
786 182.59761945 321.16555032 0 0
787 168.93714924 326.72505551 0 0
788 155.17315618 331.81246427 0 0
789 141.31865532 336.43344346 0 0
790 127.38583441 340.59419097 0 0
791 113.38573626 344.30058553 0 0
792 99.32816387 347.55737652 0 0
793 85.22232171 350.36964527 0 0
794 71.07651086 352.74153073 0 0
795 56.89842851 354.67680555 0 0
796 42.69523044 356.17879293 0 0
797 28.47356454 357.24978438 0 0
798 14.23978038 357.89158913 0 0
799 0.00000000 358.10526316 -1 0
800 0.00000000 -400.47368421 -1 0
801 15.92375201 -400.21522530 0 0
802 31.83617819 -399.43954947 0 0
803 47.72586472 -398.14613276 0 0
804 63.58125992 -396.33428818 0 0
805 79.39056770 -394.00288558 0 0
806 95.14173141 -391.15074568 0 0
807 110.82228911 -387.77626165 0 0
808 126.41939803 -383.87785095 0 0
809 141.91963047 -379.45350788 0 0
810 157.30903378 -374.50129853 0 0
811 172.57313321 -369.01947480 0 0
812 187.69662800 -363.00595505 0 0
813 202.66355999 -356.45893943 0 0
814 217.45722605 -349.37684826 0 0
815 232.06008569 -341.75831111 0 0
816 246.45380410 -333.60237958 0 0
817 260.61906210 -324.90839092 0 0
818 274.53573505 -315.67635508 0 0
819 288.18260255 -305.90671891 0 0
820 301.53751149 -295.60071756 0 0
821 314.57710162 -284.76023240 0 0
822 327.27697865 -273.38813639 0 0
823 339.61116419 -261.48799736 0 0
824 351.55242241 -249.06460592 0 0
825 363.07158099 -236.12371092 0 0
826 374.13743210 -222.67232535 0 0
827 384.71648812 -208.71896314 0 0
828 394.77229543 -194.27371853 0 0
829 404.26530067 -179.34877930 0 0
830 413.15219702 -163.95875338 0 0
831 421.38579291 -148.12135114 0 0
832 428.91486567 -131.85809306 0 0
833 435.68461890 -115.19522488 0 0
834 441.63762034 -98.16464819 0 0
835 446.71551129 -80.80480355 0 0
836 450.86145423 -63.16130725 0 0
837 454.02350957 -45.28717939 0 0
838 456.15798504 -27.24236765 0 0
839 457.23348348 -9.09259926 0 0
840 456.67591184 9.08151133 0 0
841 451.70303603 26.97631211 0 0
842 443.89039296 44.27643819 0 0
843 435.20018548 60.96731573 0 0
844 426.49808301 77.14774379 0 0
845 417.95226903 92.90000571 0 0
846 409.47814035 108.26621922 0 0
847 400.94248070 123.25875170 0 0
848 392.22999306 137.87279378 0 0
849 383.25653047 152.09470848 0 0
850 373.96765499 165.90749270 0 0
851 364.33054800 179.29285098 0 0
852 354.33013856 192.23355747 0 0
853 343.96368102 204.71405991 0 0
854 333.23749094 216.72110157 0 0
855 322.16356309 228.24345892 0 0
856 310.75852496 239.27253554 0 0
857 299.04150060 249.80186168 0 0
858 287.03383125 259.82762278 0 0
859 274.75673523 269.34721218 0 0
860 262.23269590 278.36081319 0 0
861 249.48256196 286.86883258 0 0
862 236.52782322 294.87434200 0 0
863 223.38832534 302.38071258 0 0
864 210.08323719 309.39268217 0 0
865 196.62993280 315.91475458 0 0
866 183.04511473 321.95263652 0 0
867 169.34434407 327.51257178 0 0
868 155.54161227 332.60034746 0 0
869 141.64972897 337.22162141 0 0
870 127.68071813 341.38262779 0 0
871 113.64546830 345.08927287 0 0
872 99.55362142 348.34627094 0 0
873 85.41425032 351.15871035 0 0
874 71.23553335 353.53073430 0 0
875 57.02505261 355.46611789 0 0
876 42.78985514 356.96818577 0 0
877 28.53648506 358.03923036 0 0
878 14.27119189 358.68106174 0 0
879 0.00000000 358.89473684 -1 0
880 0.00000000 -403.42105263 -1 0
881 16.04099752 -403.16198310 0 0
882 32.07089358 -402.38445739 0 0
883 48.07849935 -401.08793617 0 0
884 64.05249007 -399.27170507 0 0
885 79.98129945 -396.93459420 0 0
886 95.85310413 -394.07537154 0 0
887 111.65568003 -390.69236468 0 0
888 127.37643176 -386.78392438 0 0
889 143.00217620 -382.34793322 0 0
890 158.51921532 -377.38234448 0 0
891 173.91334266 -371.88529394 0 0
892 189.16952029 -365.85453405 0 0
893 204.27206456 -359.28809053 0 0
894 219.20455256 -352.18418395 0 0
895 233.94972234 -344.54120687 0 0
896 248.48952123 -336.35794702 0 0
897 262.80490237 -327.63343274 0 0
898 276.87601087 -318.36733350 0 0
899 290.68186411 -308.55969274 0 0
900 304.20052555 -298.21130111 0 0
901 317.40879533 -287.32352692 0 0
902 330.28239098 -275.89868290 0 0
903 342.79533030 -263.93968713 0 0
904 354.92027639 -251.45063193 0 0
905 366.62777408 -238.43648216 0 0
906 377.88613168 -224.90340832 0 0
907 388.66111143 -210.85902656 0 0
908 398.91518312 -196.31249939 0 0
909 408.60732684 -181.27508139 0 0
910 417.69230483 -165.76048752 0 0
911 426.12048945 -149.78564467 0 0
912 433.83768411 -133.37147835 0 0
913 440.78558613 -116.54392309 0 0
914 446.90281320 -99.33496471 0 0
915 452.12674695 -81.78362301 0 0
916 456.39621743 -63.93667377 0 0
917 459.65518837 -45.84891869 0 0
918 461.85645406 -27.58268787 0 0
919 462.96602846 -9.20659733 0 0
920 462.35377232 9.19442193 0 0
921 456.96566863 27.29060360 0 0
922 448.53538331 44.73975893 0 0
923 439.22042021 61.53051153 0 0
924 429.97160698 77.77605737 0 0
925 420.97215250 93.57124788 0 0
926 412.12677405 108.96651926 0 0
927 403.28641854 123.97933101 0 0
928 394.32140485 138.60794610 0 0
929 385.13610066 152.84061274 0 0
930 375.66732223 166.66153527 0 0
931 365.87555147 180.05317173 0 0
932 355.74067135 192.99880915 0 0
933 345.25608159 205.48324742 0 0
934 334.42513869 217.49348864 0 0
935 323.25748225 229.01846864 0 0
936 311.76790219 240.04971856 0 0
937 299.97403974 250.58085059 0 0
938 287.89609060 260.60815375 0 0
939 275.55425635 270.12903138 0 0
940 262.97028556 279.14376688 0 0
941 250.16428981 287.65272093 0 0
942 237.15726510 295.65905416 0 0
943 223.96857477 303.16614412 0 0
944 210.61700023 310.17876287 0 0
945 197.11954282 316.70138469 0 0
946 183.49261001 322.73972273 0 0
947 169.75153891 328.30008806 0 0
948 155.91006835 333.38823065 0 0
949 141.98080262 338.00979937 0 0
950 127.97560185 342.17106461 0 0
951 113.90520035 345.87796022 0 0
952 99.77907897 349.13516536 0 0
953 85.60617892 351.94777543 0 0
954 71.39455584 354.31993786 0 0
955 57.15167671 356.25543024 0 0
956 42.88447983 357.75757860 0 0
957 28.59940557 358.82867633 0 0
958 14.30260340 359.47053435 0 0
959 0.00000000 359.68421053 -1 0
960 0.00000000 -406.36842105 -1 0
961 16.15824304 -406.10874090 0 0
962 32.30560898 -405.32936531 0 0
963 48.43113397 -404.02973957 0 0
964 64.52372022 -402.20912195 0 0
965 80.57203119 -399.86630281 0 0
966 96.56447684 -396.99999739 0 0
967 112.48907094 -393.60846771 0 0
968 128.33346550 -389.68999781 0 0
969 144.08472192 -385.24235856 0 0
970 159.72939685 -380.26339044 0 0
971 175.25355212 -374.75111308 0 0
972 190.64241258 -368.70311304 0 0
973 205.88056913 -362.11724163 0 0
974 220.95187908 -354.99151965 0 0
975 235.83935899 -347.32410264 0 0
976 250.52523836 -339.11351446 0 0
977 264.99074264 -330.35847456 0 0
978 279.21628669 -321.05831193 0 0
979 293.18112567 -311.21266657 0 0
980 306.86353961 -300.82188466 0 0
981 320.24048905 -289.88682144 0 0
982 333.28780331 -278.40922941 0 0
983 345.97949640 -266.39137690 0 0
984 358.28813037 -253.83665794 0 0
985 370.18396717 -240.74925340 0 0
986 381.63483127 -227.13449129 0 0
987 392.60573474 -212.99908999 0 0
988 403.05807081 -198.35128024 0 0
989 412.94935302 -183.20138349 0 0
990 422.23241265 -167.56222166 0 0
991 430.85518599 -151.44993820 0 0
992 438.76050255 -134.88486365 0 0
993 445.88655337 -117.89262131 0 0
994 452.16800606 -100.50528124 0 0
995 457.53798260 -82.76244247 0 0
996 461.93098062 -64.71204029 0 0
997 465.28686716 -46.41065799 0 0
998 467.55492307 -27.92300810 0 0
999 468.69857345 -9.32059540 0 0
1000 468.03163280 9.30733254 0 0
1001 462.22830124 27.60489509 0 0
1002 453.18037366 45.20307968 0 0
1003 443.24065495 62.09370734 0 0
1004 433.44513096 78.40437095 0 0
1005 423.99203598 94.24249006 0 0
1006 414.77540775 109.66681929 0 0
1007 405.63035639 124.69991031 0 0
1008 396.41281664 139.34309841 0 0
1009 387.01567084 153.58651700 0 0
1010 377.36698947 167.41557784 0 0
1011 367.42055493 180.81349249 0 0
1012 357.15120415 193.76406084 0 0
1013 346.54848216 206.25243493 0 0
1014 335.61278644 218.26587570 0 0
1015 324.35140141 229.79347837 0 0
1016 312.77727941 240.82690157 0 0
1017 300.90657888 251.35983951 0 0
1018 288.75834994 261.38868473 0 0
1019 276.35177747 270.91085057 0 0
1020 263.70787521 279.92672057 0 0
1021 250.84601767 288.43660927 0 0
1022 237.78670698 296.44376633 0 0
1023 224.54882419 303.95157565 0 0
1024 211.15076328 310.96484358 0 0
1025 197.60915283 317.48801481 0 0
1026 183.94010529 323.52680893 0 0
1027 170.15873374 329.08760433 0 0
1028 156.27852444 334.17611385 0 0
1029 142.31187627 338.79797732 0 0
1030 128.27048557 342.95950143 0 0
1031 114.16493239 346.66664756 0 0
1032 100.00453652 349.92405978 0 0
1033 85.79810753 352.73684051 0 0
1034 71.55357833 355.10914143 0 0
1035 57.27830081 357.04474258 0 0
1036 42.97910452 358.54697144 0 0
1037 28.66232609 359.61812231 0 0
1038 14.33401492 360.26000696 0 0
1039 0.00000000 360.47368421 -1 0
1040 0.00000000 -409.31578947 -1 0
1041 16.27548856 -409.05549870 0 0
1042 32.54032438 -408.27427322 0 0
1043 48.78376859 -406.97154298 0 0
1044 64.99495037 -405.14653883 0 0
1045 81.16276293 -402.79801143 0 0
1046 97.27584955 -399.92462325 0 0
1047 113.32246185 -396.52457074 0 0
1048 129.29049923 -392.59607124 0 0
1049 145.16726765 -388.13678389 0 0
1050 160.93957838 -383.14443639 0 0
1051 176.59376157 -377.61693223 0 0
1052 192.11530487 -371.55169203 0 0
1053 207.48907370 -364.94639273 0 0
1054 222.69920560 -357.79885534 0 0
1055 237.72899564 -350.10699841 0 0
1056 252.56095548 -341.86908189 0 0
1057 267.17658290 -333.08351638 0 0
1058 281.55656251 -323.74929036 0 0
1059 295.68038723 -313.86564041 0 0
1060 309.52655367 -303.43246821 0 0
1061 323.07218277 -292.45011596 0 0
1062 336.29321565 -280.91977592 0 0
1063 349.16366251 -268.84306668 0 0
1064 361.65598434 -256.22268395 0 0
1065 373.74016026 -243.06202463 0 0
1066 385.38353086 -229.36557426 0 0
1067 396.55035804 -215.13915342 0 0
1068 407.20095851 -200.39006110 0 0
1069 417.29137919 -185.12768558 0 0
1070 426.77252047 -169.36395580 0 0
1071 435.58988253 -153.11423173 0 0
1072 443.68332099 -136.39824895 0 0
1073 450.98752061 -119.24131952 0 0
1074 457.43319892 -101.67559776 0 0
1075 462.94921825 -83.74126192 0 0
1076 467.46574382 -65.48740682 0 0
1077 470.91854596 -46.97239729 0 0
1078 473.25339208 -28.26332832 0 0
1079 474.43111843 -9.43459347 0 0
1080 473.70949327 9.42024315 0 0
1081 467.49093384 27.91918657 0 0
1082 457.82536401 45.66640043 0 0
1083 447.26088968 62.65690315 0 0
1084 436.91865493 79.03268453 0 0
1085 427.01191945 94.91373224 0 0
1086 417.42404145 110.36711933 0 0
1087 407.97429423 125.42048961 0 0
1088 398.50422842 140.07825072 0 0
1089 388.89524102 154.33242126 0 0
1090 379.06665671 168.16962040 0 0
1091 368.96555840 181.57381324 0 0
1092 358.56173694 194.52931253 0 0
1093 347.84088273 207.02162244 0 0
1094 336.80043419 219.03826277 0 0
1095 325.44532057 230.56848809 0 0
1096 313.78665664 241.60408459 0 0
1097 301.83911802 252.13882842 0 0
1098 289.62060929 262.16921570 0 0
1099 277.14929858 271.69266977 0 0
1100 264.44546487 280.70967426 0 0
1101 251.52774552 289.22049762 0 0
1102 238.41614886 297.22847850 0 0
1103 225.12907362 304.73700719 0 0
1104 211.68452632 311.75092428 0 0
1105 198.09876284 318.27464493 0 0
1106 184.38760057 324.31389513 0 0
1107 170.56592857 329.87512061 0 0
1108 156.64698052 334.96399704 0 0
1109 142.64294993 339.58615528 0 0
1110 128.56536929 343.74793825 0 0
1111 114.42466444 347.45533491 0 0
1112 100.22999407 350.71295420 0 0
1113 85.99003614 353.52590559 0 0
1114 71.71260082 355.89834500 0 0
1115 57.40492491 357.83405493 0 0
1116 43.07372922 359.33636427 0 0
1117 28.72524661 360.40756829 0 0
1118 14.36542643 361.04947957 0 0
1119 0.00000000 361.26315789 -1 0
1120 0.00000000 -412.26315789 -1 0
1121 16.39273407 -412.00225650 0 0
1122 32.77503978 -411.21918114 0 0
1123 49.13640322 -409.91334639 0 0
1124 65.46618052 -408.08395571 0 0
1125 81.75349468 -405.72972004 0 0
1126 97.98722227 -402.84924911 0 0
1127 114.15585277 -399.44067377 0 0
1128 130.24753297 -395.50214467 0 0
1129 146.24981338 -391.03120923 0 0
1130 162.14975991 -386.02548235 0 0
1131 177.93397102 -380.48275137 0 0
1132 193.58819715 -374.40027102 0 0
1133 209.09757828 -367.77554383 0 0
1134 224.44653212 -360.60619103 0 0
1135 239.61863229 -352.88989417 0 0
1136 254.59667261 -344.62464933 0 0
1137 269.36242317 -335.80855820 0 0
1138 283.89683833 -326.44026878 0 0
1139 298.17964879 -316.51861424 0 0
1140 312.18956773 -306.04305176 0 0
1141 325.90387648 -295.01341048 0 0
1142 339.29862798 -283.43032243 0 0
1143 352.34782861 -271.29475645 0 0
1144 365.02383832 -258.60870996 0 0
1145 377.29635335 -245.37479587 0 0
1146 389.13223044 -231.59665723 0 0
1147 400.49498135 -217.27921685 0 0
1148 411.34384620 -202.42884195 0 0
1149 421.63340536 -187.05398767 0 0
1150 431.31262829 -171.16568994 0 0
1151 440.32457907 -154.77852526 0 0
1152 448.60613943 -137.91163425 0 0
1153 456.08848784 -120.59001774 0 0
1154 462.69839178 -102.84591429 0 0
1155 468.36045390 -84.72008138 0 0
1156 473.00050701 -66.26277334 0 0
1157 476.55022476 -47.53413659 0 0
1158 478.95186110 -28.60364855 0 0
1159 480.16366342 -9.54859154 0 0
1160 479.38735375 9.53315375 0 0
1161 472.75356644 28.23347806 0 0
1162 462.47035436 46.12972117 0 0
1163 451.28112441 63.22009896 0 0
1164 440.39217890 79.66099811 0 0
1165 430.03180293 95.58497442 0 0
1166 420.07267515 111.06741937 0 0
1167 410.31823207 126.14106891 0 0
1168 400.59564021 140.81340303 0 0
1169 390.77481120 155.07832552 0 0
1170 380.76632396 168.92366297 0 0
1171 370.51056187 182.33413399 0 0
1172 359.97226973 195.29456422 0 0
1173 349.13328331 207.79080995 0 0
1174 337.98808195 219.81064984 0 0
1175 326.53923974 231.34349781 0 0
1176 314.79603386 242.38126761 0 0
1177 302.77165716 252.91781733 0 0
1178 290.48286864 262.94974668 0 0
1179 277.94681970 272.47448897 0 0
1180 265.18305453 281.49262795 0 0
1181 252.20947337 290.00438597 0 0
1182 239.04559075 298.01319066 0 0
1183 225.70932305 305.52243873 0 0
1184 212.21828936 312.53700499 0 0
1185 198.58837285 319.06127504 0 0
1186 184.83509584 325.10098134 0 0
1187 170.97312341 330.66263689 0 0
1188 157.01543661 335.75188024 0 0
1189 142.97402358 340.37433323 0 0
1190 128.86025301 344.53637507 0 0
1191 114.68439649 348.24402225 0 0
1192 100.45545162 351.50184863 0 0
1193 86.18196474 354.31497067 0 0
1194 71.87162331 356.68754857 0 0
1195 57.53154902 358.62336727 0 0
1196 43.16835391 360.12575710 0 0
1197 28.78816712 361.19701427 0 0
1198 14.39683794 361.83895218 0 0
1199 0.00000000 362.05263158 -1 0
1200 0.00000000 -415.21052632 -1 0
1201 16.50997959 -414.94901430 0 0
1202 33.00975518 -414.16408905 0 0
1203 49.48903784 -412.85514980 0 0
1204 65.93741067 -411.02137260 0 0
1205 82.34422642 -408.66142865 0 0
1206 98.69859498 -405.77387496 0 0
1207 114.98924368 -402.35677680 0 0
1208 131.20456670 -398.40821810 0 0
1209 147.33235911 -393.92563456 0 0
1210 163.35994145 -388.90652830 0 0
1211 179.27418048 -383.34857051 0 0
1212 195.06108944 -377.24885001 0 0
1213 210.70608285 -370.60469493 0 0
1214 226.19385864 -363.41352672 0 0
1215 241.50826894 -355.67278994 0 0
1216 256.63238973 -347.38021677 0 0
1217 271.54826343 -338.53360002 0 0
1218 286.23711414 -329.13124721 0 0
1219 300.67891035 -319.17158807 0 0
1220 314.85258179 -308.65363531 0 0
1221 328.73557020 -297.57670500 0 0
1222 342.30404031 -285.94086894 0 0
1223 355.53199472 -273.74644622 0 0
1224 368.39169230 -260.99473597 0 0
1225 380.85254644 -247.68756710 0 0
1226 392.88093003 -233.82774021 0 0
1227 404.43960466 -219.41928028 0 0
1228 415.48673389 -204.46762281 0 0
1229 425.97543154 -188.98028976 0 0
1230 435.85273611 -172.96742408 0 0
1231 445.05927561 -156.44281879 0 0
1232 453.52895787 -139.42501955 0 0
1233 461.18945508 -121.93871595 0 0
1234 467.96358464 -104.01623081 0 0
1235 473.77168955 -85.69890083 0 0
1236 478.53527021 -67.03813987 0 0
1237 482.18190355 -48.09587589 0 0
1238 484.65033011 -28.94396877 0 0
1239 485.89620841 -9.66258961 0 0
1240 485.06521423 9.64606436 0 0
1241 478.01619904 28.54776955 0 0
1242 467.11534471 46.59304192 0 0
1243 455.30135914 63.78329477 0 0
1244 443.86570287 80.28931169 0 0
1245 433.05168640 96.25621660 0 0
1246 422.72130885 111.76771941 0 0
1247 412.66216992 126.86164821 0 0
1248 402.68705200 141.54855534 0 0
1249 392.65438138 155.82422978 0 0
1250 382.46599120 169.67770554 0 0
1251 372.05556534 183.09445475 0 0
1252 361.38280253 196.05981591 0 0
1253 350.42568388 208.55999747 0 0
1254 339.17572970 220.58303691 0 0
1255 327.63315890 232.11850753 0 0
1256 315.80541109 243.15845062 0 0
1257 303.70419630 253.69680624 0 0
1258 291.34512798 263.73027765 0 0
1259 278.74434082 273.25630817 0 0
1260 265.92064419 282.27558164 0 0
1261 252.89120122 290.78827432 0 0
1262 239.67503263 298.79790283 0 0
1263 226.28957248 306.30787026 0 0
1264 212.75205240 313.32308569 0 0
1265 199.07798287 319.84790516 0 0
1266 185.28259112 325.88806754 0 0
1267 171.38031824 331.45015316 0 0
1268 157.38389270 336.53976343 0 0
1269 143.30509723 341.16251119 0 0
1270 129.15513673 345.32481189 0 0
1271 114.94412853 349.03270960 0 0
1272 100.68090917 352.29074305 0 0
1273 86.37389335 355.10403575 0 0
1274 72.03064579 357.47675214 0 0
1275 57.65817312 359.41267962 0 0
1276 43.26297860 360.91514994 0 0
1277 28.85108764 361.98646025 0 0
1278 14.42824946 362.62842479 0 0
1279 0.00000000 362.84210526 -1 0
1280 0.00000000 -418.15789474 -1 0
1281 16.62722510 -417.89577210 0 0
1282 33.24447058 -417.10899697 0 0
1283 49.84167246 -415.79695320 0 0
1284 66.40864082 -413.95878948 0 0
1285 82.93495816 -411.59313727 0 0
1286 99.40996770 -408.69850082 0 0
1287 115.82263459 -405.27287983 0 0
1288 132.16160044 -401.31429153 0 0
1289 148.41490484 -396.82005990 0 0
1290 164.57012298 -391.78757425 0 0
1291 180.61438993 -386.21438965 0 0
1292 196.53398173 -380.09742900 0 0
1293 212.31458742 -373.43384603 0 0
1294 227.94118516 -366.22086242 0 0
1295 243.39790559 -358.45568571 0 0
1296 258.66810686 -350.13578421 0 0
1297 273.73410370 -341.25864184 0 0
1298 288.57738996 -331.82222564 0 0
1299 303.17817191 -321.82456190 0 0
1300 317.51559585 -311.26421886 0 0
1301 331.56726392 -300.13999952 0 0
1302 345.30945264 -288.45141545 0 0
1303 358.71616083 -276.19813600 0 0
1304 371.75954627 -263.38076198 0 0
1305 384.40873953 -250.00033834 0 0
1306 396.62962961 -236.05882318 0 0
1307 408.38422796 -221.55934370 0 0
1308 419.62962159 -206.50640366 0 0
1309 430.31745771 -190.90659185 0 0
1310 440.39284393 -174.76915822 0 0
1311 449.79397215 -158.10711232 0 0
1312 458.45177630 -140.93840484 0 0
1313 466.29042231 -123.28741417 0 0
1314 473.22877750 -105.18654733 0 0
1315 479.18292521 -86.67772029 0 0
1316 484.07003340 -67.81350639 0 0
1317 487.81358235 -48.65761519 0 0
1318 490.34879913 -29.28428900 0 0
1319 491.62875339 -9.77658768 0 0
1320 490.74307471 9.75897497 0 0
1321 483.27883165 28.86206104 0 0
1322 471.76033506 47.05636266 0 0
1323 459.32159388 64.34649058 0 0
1324 447.33922684 80.91762527 0 0
1325 436.07156987 96.92745878 0 0
1326 425.36994256 112.46801944 0 0
1327 415.00610776 127.58222751 0 0
1328 404.77846378 142.28370765 0 0
1329 394.53395156 156.57013404 0 0
1330 384.16565844 170.43174811 0 0
1331 373.60056881 183.85477550 0 0
1332 362.79333532 196.82506760 0 0
1333 351.71808445 209.32918498 0 0
1334 340.36337745 221.35542398 0 0
1335 328.72707806 232.89351725 0 0
1336 316.81478831 243.93563364 0 0
1337 304.63673544 254.47579515 0 0
1338 292.20738733 264.51080863 0 0
1339 279.54186194 274.03812736 0 0
1340 266.65823384 283.05853533 0 0
1341 253.57292908 291.57216266 0 0
1342 240.30447451 299.58261500 0 0
1343 226.86982191 307.09330180 0 0
1344 213.28581544 314.10916640 0 0
1345 199.56759288 320.63453528 0 0
1346 185.73008640 326.67515375 0 0
1347 171.78751307 332.23766944 0 0
1348 157.75234878 337.32764662 0 0
1349 143.63617088 341.95068914 0 0
1350 129.45002046 346.11324871 0 0
1351 115.20386058 349.82139695 0 0
1352 100.90636672 353.07963747 0 0
1353 86.56582196 355.89310083 0 0
1354 72.18966828 358.26595570 0 0
1355 57.78479722 360.20199196 0 0
1356 43.35760330 361.70454277 0 0
1357 28.91400816 362.77590622 0 0
1358 14.45966097 363.41789740 0 0
1359 0.00000000 363.63157895 -1 0
1360 0.00000000 -421.10526316 -1 0
1361 16.74447062 -420.84252990 0 0
1362 33.47918598 -420.05390488 0 0
1363 50.19430708 -418.73875661 0 0
1364 66.87987097 -416.89620636 0 0
1365 83.52568990 -414.52484588 0 0
1366 100.12134041 -411.62312667 0 0
1367 116.65602551 -408.18898286 0 0
1368 133.11863417 -404.22036496 0 0
1369 149.49745057 -399.71448523 0 0
1370 165.78030451 -394.66862021 0 0
1371 181.95459938 -389.08020879 0 0
1372 198.00687401 -382.94600799 0 0
1373 213.92309199 -376.26299713 0 0
1374 229.68851168 -369.02819811 0 0
1375 245.28754224 -361.23858148 0 0
1376 260.70382399 -352.89135164 0 0
1377 275.91994396 -343.98368366 0 0
1378 290.91766578 -334.51320407 0 0
1379 305.67743346 -324.47753573 0 0
1380 320.17860991 -313.87480241 0 0
1381 334.39895764 -302.70329404 0 0
1382 348.31486497 -290.96196196 0 0
1383 361.90032693 -278.64982577 0 0
1384 375.12740025 -265.76678799 0 0
1385 387.96493262 -252.31310958 0 0
1386 400.37832920 -238.28990615 0 0
1387 412.32885127 -223.69940713 0 0
1388 423.77250928 -208.54518451 0 0
1389 434.65948389 -192.83289394 0 0
1390 444.93295175 -176.57089236 0 0
1391 454.52866869 -159.77140585 0 0
1392 463.37459474 -142.45179014 0 0
1393 471.39138955 -124.63611238 0 0
1394 478.49397036 -106.35686386 0 0
1395 484.59416086 -87.65653975 0 0
1396 489.60479660 -68.58887292 0 0
1397 493.44526115 -49.21935449 0 0
1398 496.04726814 -29.62460922 0 0
1399 497.36129838 -9.89058575 0 0
1400 496.42093519 9.87188557 0 0
1401 488.54146425 29.17635253 0 0
1402 476.40532541 47.51968341 0 0
1403 463.34182861 64.90968638 0 0
1404 450.81275081 81.54593885 0 0
1405 439.09145335 97.59870096 0 0
1406 428.01857626 113.16831948 0 0
1407 417.35004561 128.30280681 0 0
1408 406.86987557 143.01885996 0 0
1409 396.41352174 157.31603830 0 0
1410 385.86532568 171.18579067 0 0
1411 375.14557227 184.61509625 0 0
1412 364.20386811 197.59031928 0 0
1413 353.01048502 210.09837249 0 0
1414 341.55102520 222.12781105 0 0
1415 329.82099722 233.66852697 0 0
1416 317.82416554 244.71281666 0 0
1417 305.56927458 255.25478406 0 0
1418 293.06964668 265.29133960 0 0
1419 280.33938306 274.81994656 0 0
1420 267.39582350 283.84148902 0 0
1421 254.25465693 292.35605101 0 0
1422 240.93391639 300.36732716 0 0
1423 227.45007133 307.87873333 0 0
1424 213.81957848 314.89524710 0 0
1425 200.05720289 321.42116539 0 0
1426 186.17758168 327.46223995 0 0
1427 172.19470791 333.02518571 0 0
1428 158.12080487 338.11552982 0 0
1429 143.96724453 342.73886710 0 0
1430 129.74490418 346.90168553 0 0
1431 115.46359262 350.61008429 0 0
1432 101.13182427 353.86853189 0 0
1433 86.75775057 356.68216591 0 0
1434 72.34869077 359.05515927 0 0
1435 57.91142132 360.99130431 0 0
1436 43.45222799 362.49393561 0 0
1437 28.97692867 363.56535220 0 0
1438 14.49107249 364.20737001 0 0
1439 0.00000000 364.42105263 -1 0
1440 0.00000000 -424.05263158 -1 0
1441 16.86171613 -423.78928770 0 0
1442 33.71390138 -422.99881280 0 0
1443 50.54694171 -421.68056002 0 0
1444 67.35110112 -419.83362324 0 0
1445 84.11642165 -417.45655450 0 0
1446 100.83271312 -414.54775253 0 0
1447 117.48941642 -411.10508588 0 0
1448 134.07566791 -407.12643838 0 0
1449 150.57999629 -402.60891057 0 0
1450 166.99048604 -397.54966616 0 0
1451 183.29480884 -391.94602794 0 0
1452 199.47976630 -385.79458699 0 0
1453 215.53159656 -379.09214823 0 0
1454 231.43583820 -371.83553380 0 0
1455 247.17717889 -364.02147724 0 0
1456 262.73954111 -355.64691908 0 0
1457 278.10578423 -346.70872548 0 0
1458 293.25794160 -337.20418249 0 0
1459 308.17669502 -327.13050956 0 0
1460 322.84162397 -316.48538596 0 0
1461 337.23065135 -305.26658856 0 0
1462 351.32027730 -293.47250847 0 0
1463 365.08449304 -281.10151554 0 0
1464 378.49525423 -268.15281400 0 0
1465 391.52112571 -254.62588081 0 0
1466 404.12702878 -240.52098912 0 0
1467 416.27347457 -225.83947056 0 0
1468 427.91539697 -210.58396537 0 0
1469 439.00151006 -194.75919603 0 0
1470 449.47305956 -178.37262650 0 0
1471 459.26336522 -161.43569938 0 0
1472 468.29741318 -143.96517544 0 0
1473 476.49235679 -125.98481060 0 0
1474 483.75916321 -107.52718038 0 0
1475 490.00539651 -88.63535920 0 0
1476 495.13955979 -69.36423944 0 0
1477 499.07693995 -49.78109378 0 0
1478 501.74573715 -29.96492945 0 0
1479 503.09384336 -10.00458382 0 0
1480 502.09879567 9.98479618 0 0
1481 493.80409685 29.49064402 0 0
1482 481.05031576 47.98300416 0 0
1483 467.36206334 65.47288219 0 0
1484 454.28627479 82.17425243 0 0
1485 442.11133682 98.26994314 0 0
1486 430.66720996 113.86861952 0 0
1487 419.69398345 129.02338612 0 0
1488 408.96128736 143.75401228 0 0
1489 398.29309192 158.06194256 0 0
1490 387.56499293 171.93983324 0 0
1491 376.69057574 185.37541700 0 0
1492 365.61440091 198.35557097 0 0
1493 354.30288559 210.86756000 0 0
1494 342.73867295 222.90019812 0 0
1495 330.91491638 234.44353669 0 0
1496 318.83354276 245.48999968 0 0
1497 306.50181372 256.03377298 0 0
1498 293.93190602 266.07187058 0 0
1499 281.13690418 275.60176576 0 0
1500 268.13341316 284.62444271 0 0
1501 254.93638478 293.13993936 0 0
1502 241.56335827 301.15203933 0 0
1503 228.03032076 308.66416487 0 0
1504 214.35334153 315.68132781 0 0
1505 200.54681291 322.20779551 0 0
1506 186.62507696 328.24932616 0 0
1507 172.60190274 333.81270199 0 0
1508 158.48926095 338.90341301 0 0
1509 144.29831819 343.52704506 0 0
1510 130.03978790 347.69012235 0 0
1511 115.72332467 351.39877164 0 0
1512 101.35728182 354.65742631 0 0
1513 86.94967917 357.47123099 0 0
1514 72.50771326 359.84436284 0 0
1515 58.03804542 361.78061665 0 0
1516 43.54685268 363.28332844 0 0
1517 29.03984919 364.35479818 0 0
1518 14.52248400 364.99684262 0 0
1519 0.00000000 365.21052632 -1 0
1520 0.00000000 -427.00000000 -1 -1
1521 16.97896165 -426.73604550 0 0
1522 33.94861677 -425.94372071 0 0
1523 50.89957633 -424.62236342 0 0
1524 67.82233127 -422.77104012 0 0
1525 84.70715339 -420.38826311 0 0
1526 101.54408584 -417.47237838 0 0
1527 118.32280733 -414.02118891 0 0
1528 135.03270164 -410.03251181 0 0
1529 151.66254202 -405.50333590 0 0
1530 168.20066758 -400.43071212 0 0
1531 184.63501829 -394.81184708 0 0
1532 200.95265859 -388.64316598 0 0
1533 217.14010114 -381.92129933 0 0
1534 233.18316472 -374.64286950 0 0
1535 249.06681554 -366.80437301 0 0
1536 264.77525824 -358.40248652 0 0
1537 280.29162449 -349.43376730 0 0
1538 295.59821742 -339.89516092 0 0
1539 310.67595658 -329.78348339 0 0
1540 325.50463803 -319.09596951 0 0
1541 340.06234507 -307.82988308 0 0
1542 354.32568963 -295.98305498 0 0
1543 368.26865914 -283.55320532 0 0
1544 381.86310820 -270.53884001 0 0
1545 395.07731880 -256.93865205 0 0
1546 407.87572837 -242.75207209 0 0
1547 420.21809788 -227.97953399 0 0
1548 432.05828467 -212.62274622 0 0
1549 443.34353623 -196.68549812 0 0
1550 454.01316738 -180.17436064 0 0
1551 463.99806176 -163.09999291 0 0
1552 473.22023162 -145.47856074 0 0
1553 481.59332402 -127.33350881 0 0
1554 489.02435607 -108.69749691 0 0
1555 495.41663216 -89.61417866 0 0
1556 500.67432299 -70.13960596 0 0
1557 504.70861874 -50.34283308 0 0
1558 507.44420617 -30.30524967 0 0
1559 508.82638835 -10.11858188 0 0
1560 507.77665615 10.09770679 0 0
1561 499.06672945 29.80493551 0 0
1562 485.69530611 48.44632490 0 0
1563 471.38229808 66.03607800 0 0
1564 457.75979876 82.80256601 0 0
1565 445.13122030 98.94118532 0 0
1566 433.31584366 114.56891955 0 0
1567 422.03792130 129.74396542 0 0
1568 411.05269915 144.48916459 0 0
1569 400.17266210 158.80784682 0 0
1570 389.26466017 172.69387581 0 0
1571 378.23557921 186.13573776 0 0
1572 367.02493370 199.12082266 0 0
1573 355.59528616 211.63674751 0 0
1574 343.92632070 223.67258518 0 0
1575 332.00883554 235.21854641 0 0
1576 319.84291999 246.26718269 0 0
1577 307.43435286 256.81276189 0 0
1578 294.79416537 266.85240155 0 0
1579 281.93442530 276.38358496 0 0
1580 268.87100282 285.40739640 0 0
1581 255.61811263 293.92382771 0 0
1582 242.19280015 301.93675150 0 0
1583 228.61057019 309.44959641 0 0
1584 214.88710457 316.46740851 0 0
1585 201.03642292 322.99442563 0 0
1586 187.07257223 329.03641236 0 0
1587 173.00909758 334.60021827 0 0
1588 158.85771704 339.69129620 0 0
1589 144.62939184 344.31522301 0 0
1590 130.33467162 348.47855917 0 0
1591 115.98305671 352.18745898 0 0
1592 101.58273937 355.44632073 0 0
1593 87.14160778 358.26029607 0 0
1594 72.66673575 360.63356641 0 0
1595 58.16466953 362.56992900 0 0
1596 43.64147738 364.07272128 0 0
1597 29.10276971 365.14424416 0 0
1598 14.55389551 365.78631522 0 0
1599 0.00000000 366.00000000 -1 0
